accuracy,f1_score,sensitivity,specificity,loss
99.61832061068702,0.9964284008976746,0.9962962962962963,0.9965986394557823,0.025774912701613972
97.70992366412214,0.9796949082663368,0.9796949082663368,0.9796949082663368,0.06564745881402766
98.09160293695581,0.9824556543579231,0.9824561403508771,0.982491134751773,0.08080708639312337
98.85496183206106,0.9892320606709699,0.989010989010989,0.9897959183673469,0.035657658016092865
98.09160305343511,0.9827269879625901,0.9827783745076978,0.9827104810996564,0.05064137463141517
97.70992366412214,0.9772609819121447,0.9775048480930835,0.9771836927977958,0.054257984297351826
98.85496183206106,0.9898966704936853,0.989962913817155,0.9898639455782313,0.027268320094538098
99.23664122137404,0.9926278918214403,0.9925093632958801,0.9929078014184397,0.013383808244510291
99.23664122137404,0.9929451287793953,0.9930555555555555,0.9929824561403509,0.02699183311512452
98.09160305343511,0.9812939565894389,0.9815512048192772,0.981077694235589,0.0576793185386581
99.61832061068702,0.996536470250433,0.9963768115942028,0.9967320261437909,0.02201258155734115
98.85496183206106,0.9889286478881855,0.9895833333333334,0.9886363636363636,0.05074709268884008
98.85496183206106,0.9894710592668532,0.989542918375642,0.9894355791962175,0.03530210712306976
99.23664122137404,0.9929816784869977,0.9929816784869977,0.9929816784869977,0.03855476029568433
99.23664122137404,0.9929045893719807,0.993127147766323,0.992831541218638,0.03284368304505088
100.0,1.0,1.0,1.0,0.006355703957663238
98.09160305343511,0.9824322949895056,0.9822695035460992,0.9834983498349835,0.06861279588521509
98.09160305343511,0.982517322495904,0.9836601307189543,0.9822695035460992,0.06823605454690357
98.09160305343511,0.9812444022970338,0.9818473488686256,0.981011325838912,0.0581600529644154
99.23664122137404,0.9925084175084176,0.9925093632958801,0.9926739926739927,0.037760194241716206
98.09160305343511,0.9831645537331326,0.9831972789115646,0.9831649831649831,0.07212384373397489
97.70992366412214,0.9775280898876405,0.9776094276094277,0.9776094276094276,0.07199547581975793
98.47328244274809,0.9843148046230049,0.9835390946502057,0.9858156028368795,0.032304166098132386
100.0,1.0,1.0,1.0,0.007361295540596693
99.23664122137404,0.9929069986794944,0.9930555555555555,0.9929078014184397,0.03308095371403744
98.85496183206106,0.9897353482464553,0.989334161747955,0.990171650055371,0.04973914214047312
98.47328244274809,0.9856031580169512,0.9856031580169512,0.9856031580169512,0.0493859134450953
100.0,1.0,1.0,1.0,0.010453831518169107
98.85496183206106,0.9888254206074226,0.9888056595921765,0.9888861138861139,0.03219238788114289
99.23664122137404,0.9925889328063242,0.9925889328063242,0.9925889328063242,0.03836881529501167
99.61832061068702,0.9963530923982901,0.9964912280701754,0.99625468164794,0.024786935008365575
98.85496183206106,0.9884962480579155,0.9886243386243386,0.988411544393038,0.050980749045099215
99.61832061068702,0.9965154592642743,0.9968553459119497,0.9962121212121212,0.0284508527891945
99.61832061068702,0.9967256530636813,0.9968847352024922,0.9965986394557823,0.028796930716918225
98.47328244274809,0.9853927203065135,0.9851275917065391,0.9858147526572365,0.03887681375108375
99.23664122137404,0.9929793444924805,0.9929793444924805,0.9929793444924805,0.03883114081693796
99.61832061068702,0.9962110203334733,0.9961685823754789,0.9962962962962963,0.009970583604606053
99.23664122137404,0.9929793769197016,0.9937694704049843,0.9923371647509578,0.03265107104568991
98.47328244274809,0.9855006105006106,0.9883040935672515,0.9833333333333334,0.0465014492097588
99.23664122137404,0.9925916779849363,0.9925916779849363,0.9925916779849363,0.037592508583636206
99.61832061068702,0.996486458997901,0.9963768115942028,0.9966329966329966,0.0187288351860024
99.23664122137404,0.9928107606679036,0.9928107606679036,0.9928107606679036,0.036647072878303204
98.85496183206106,0.9886991221069433,0.9887640449438203,0.989010989010989,0.019259890019453756
98.85496183206106,0.9890858676735199,0.9894479880305536,0.9887631620304888,0.040043838842921245
97.70992366412214,0.9772462831286362,0.9770975935253347,0.9780627887895669,0.05932695428549333
96.94656476901687,0.9712063160339022,0.970856524427953,0.9717054263565892,0.09295839662770279
98.47328244274809,0.9857360793287566,0.9857360793287566,0.9857360793287566,0.052312716955447015
99.23664122137404,0.9930190058479532,0.9930555555555555,0.993127147766323,0.01636239804615416
100.0,1.0,1.0,1.0,0.011091234824284271
95.80152671755725,0.9576852926546179,0.9574938140685755,0.9579184919686711,0.1311043763199096
98.47328244274809,0.984757425311384,0.984757425311384,0.984757425311384,0.06355976589905624
99.61832061068702,0.9962629628476223,0.9959349593495935,0.9966329966329966,0.020259518025243898
98.85496183206106,0.9889142683112532,0.9892682926829268,0.9886008681189405,0.04153803908028409
98.09160305343511,0.9803268938224159,0.9818900533186247,0.9791752107541581,0.07955717406313838
99.61832061068702,0.9963280170283166,0.9965277777777778,0.9961685823754789,0.024014739767570077
97.32824415832985,0.9737192596088301,0.9740488788107835,0.9734305590478586,0.10988871127594518
98.85496171558177,0.9887005649717514,0.9888888888888889,0.9888888888888889,0.04358352060991389
98.47328244274809,0.9855817940924324,0.9855817940924324,0.9855817940924324,0.06724023628550696
99.23664122137404,0.9921387790953009,0.9904761904761905,0.993993993993994,0.033848204591777176
100.0,1.0,1.0,1.0,0.0036287722213350177
97.32824427480917,0.9761910928098482,0.9764323726587878,0.975983436853002,0.07946145705850298
98.47328244274809,0.9834943639291466,0.9845524761472059,0.98263836620001,0.07429526871752762
98.85496183206106,0.9885023292695014,0.9884601832276251,0.9885877946684292,0.04693003065034548
98.47328244274809,0.9858639126931811,0.9841269841269842,0.9882005899705014,0.0631602805832984
99.23664122137404,0.9929816784869977,0.9929816784869977,0.9929816784869977,0.026800432136312984
98.85496171558177,0.9884871141694512,0.9886579284169645,0.9883597883597884,0.023077025213314378
99.23664110489474,0.992494201981868,0.9922480620155039,0.9929078014184397,0.02756607441501763
100.0,1.0,1.0,1.0,0.011127251410103253
98.47328244274809,0.9847863247863248,0.9857700055719857,0.9839747687848955,0.044805993741904276
99.23664122137404,0.9927476897882793,0.9927476897882793,0.9927476897882793,0.03412345554895134
98.85496183206106,0.9896829717188999,0.9902368093061903,0.9891649413388545,0.03961555015065579
98.09160305343511,0.9810575828198661,0.981460171333589,0.9806972789115647,0.06997463624668486
98.85496183206106,0.9895242012889072,0.9896130495208837,0.9894713753016012,0.02973404776959019
97.70992366412214,0.9773755656108598,0.9773755656108598,0.9773755656108598,0.0971631430203223
98.47328244274809,0.9856481481481482,0.9859454032974245,0.9855022170811645,0.04334788948710953
98.47328244274809,0.9851833559698728,0.9851851851851853,0.98534255599473,0.059194365977738146
98.09160293695581,0.9819503249901591,0.98151556987268,0.9824237529325796,0.06271832669509277
98.85496183206106,0.9879617949180032,0.9877076731009314,0.9882635882635883,0.03189585085972461
98.47328232626879,0.9842845326716295,0.9850326977986552,0.9837185837461017,0.06017899080997205
98.09160305343511,0.9814350691543674,0.9810901001112348,0.9821428571428572,0.07087252058669967
98.47328244274809,0.9855649188514356,0.9859028428616058,0.9853801169590644,0.04440706277280363
97.32824427480917,0.9763015664338068,0.9770364249810646,0.9763966192537622,0.09676885667464959
98.85496183206106,0.9888458842531923,0.9893772893772894,0.988356053229471,0.04361578018411986
99.23664122137404,0.9922872340425531,0.9929824561403509,0.9917695473251028,0.026483623499098725
98.47328244274809,0.9861601569466738,0.9856837606837607,0.9867781589479704,0.02776064216745804
98.47328244274809,0.9844573234984194,0.9858465608465609,0.9832502405317939,0.028976111068525386
98.85496183206106,0.9881603854758217,0.9876746849942727,0.9886927744070602,0.03821320615236085
98.85496183206106,0.988788888542867,0.9899999999999999,0.9879518072289156,0.048762558339579556
98.09160305343511,0.9812016179281647,0.9814415556964701,0.9810030395136778,0.07036437152996873
98.47328244274809,0.9841247342310419,0.9841247342310419,0.9841247342310419,0.05044435275379099
99.61832061068702,0.9964148379448926,0.9964912280701754,0.9963768115942028,0.011724385604855982
99.61832061068702,0.9962952672038531,0.99625468164794,0.9963768115942028,0.023027366338796932
98.09160305343511,0.9813757010123711,0.9814352314352316,0.9813566375364129,0.07021054536644511
99.61832061068702,0.9966859439727657,0.9969135802469135,0.9964912280701754,0.023017034190529174
98.09160305343511,0.9825460792645594,0.9826023391812866,0.9828103284324482,0.07589680969516058
99.61832061068702,0.996371560130545,0.9965277777777778,0.99625468164794,0.025465575665932456
98.85496183206106,0.9891077158585769,0.9888235294117648,0.9894310859657395,0.04242146642568618
98.09160305343511,0.9805041556931285,0.9805745554035568,0.9808324205914567,0.03140485582994084
98.47328244274809,0.9850252337221809,0.9841996699669967,0.9860177578624181,0.04348143134770456
99.61832061068702,0.9964247134512987,0.99625468164794,0.9966329966329966,0.008324319596281488
98.85496183206106,0.9882639579973233,0.9880658436213992,0.9885073260073259,0.03902851948850052
99.23664122137404,0.9930184356932475,0.9935897435897436,0.9925925925925926,0.015844500437912083
98.85496183206106,0.9891146803916349,0.9892676767676768,0.9890005913660556,0.03154448222081028
99.23664122137404,0.9931007503823038,0.9935897435897436,0.9927536231884058,0.012505347534786654
99.23664122137404,0.9924610273447483,0.9923371647509578,0.9927536231884058,0.018747468255592592
98.47328232626879,0.9855750487329434,0.985464889720209,0.9858380149812733,0.05918694850597673
98.09160305343511,0.9832428108290178,0.9833232261976956,0.9831952583013402,0.08101475300962276
98.47328244274809,0.9835652349263965,0.982905982905983,0.9850187265917603,0.04447249937375993
99.61832061068702,0.996290686532101,0.9964539007092199,0.9961685823754789,0.02837245008474543
99.23664122137404,0.992269635126778,0.9932659932659932,0.9914529914529915,0.014331985832263541
98.85496183206106,0.9886774348312811,0.9888632872503841,0.9885336743393008,0.050283270614321224
99.23664122137404,0.9927875243664718,0.9927875243664718,0.9927875243664718,0.0350654816951688
99.23664122137404,0.9924668028600614,0.9925925925925926,0.9925093632958801,0.03025685936620882
98.85496183206106,0.9893048128342246,0.9893235720277587,0.9893235720277587,0.03521582328906382
100.0,1.0,1.0,1.0,0.010263238127420504
98.85496183206106,0.9891084760649979,0.9904761904761905,0.9880952380952381,0.051397240557174644
99.61832061068702,0.9966659164978786,0.9967320261437909,0.9966329966329966,0.02735926214079479
98.09160305343511,0.9813687223523289,0.9813150228880566,0.9817871134450279,0.059198612810240504
98.85496183206106,0.9896442202471508,0.9904761904761905,0.9891304347826088,0.049135790011873966
98.47328244274809,0.9847413312759846,0.9847413312759846,0.9847413312759846,0.03855665515795464
99.23664122137404,0.9929213483146068,0.9929213483146068,0.9929213483146068,0.03954895552361512
98.85496183206106,0.989002688902988,0.9894736842105263,0.9888888888888889,0.047720555988602954
98.85496183206106,0.9885918003565063,0.9888427607680331,0.9883836420952629,0.04726533913300177
98.47328244274809,0.9849220546894966,0.9848484848484849,0.985663082437276,0.05108085636972389
99.23664122137404,0.9930555555555557,0.9930555555555557,0.9930555555555557,0.035312540910855686
99.61832049420772,0.9964989914607382,0.9971509971509972,0.9958847736625515,0.03261197159308513
98.85496183206106,0.9890132855650098,0.9886675414529406,0.9893990116371753,0.03680970385281426
98.85496183206106,0.9892445138346777,0.9892075238976257,0.9893194524773472,0.04464832811182525
98.09160293695581,0.9817501869857891,0.982378326540398,0.9814726273009802,0.04961521150046633
99.23664122137404,0.9927450980392157,0.9933993399339934,0.9922480620155039,0.04027163466562065
96.94656488549619,0.969277238403452,0.969277238403452,0.969277238403452,0.09150184991943672
98.85496171558177,0.9897165458141068,0.9899043196848177,0.9895635673624289,0.03765597473119051
97.70992366412214,0.9773989898989899,0.9782278481012657,0.9767363735617703,0.0534835371992174
96.18320610687023,0.9652777777777777,0.9655521783181357,0.9655521783181357,0.13642812207454943
99.61832061068702,0.9961228515074669,0.996078431372549,0.9962121212121212,0.016713071248817563
99.23664122137404,0.9932022084195996,0.9932022084195996,0.9932022084195996,0.04461430999155348
98.47328244274809,0.9848639455782312,0.9866666666666667,0.983739837398374,0.07275141681698222
98.85496183206106,0.9893372656892493,0.9895206749139334,0.989191232048375,0.042871143469821744
99.23664122137404,0.9931944444444444,0.993127147766323,0.9933993399339934,0.02905977966765098
99.23664122137404,0.993036666303993,0.993036666303993,0.993036666303993,0.03207144091431876
98.09160305343511,0.9816178327222778,0.9814276485788113,0.9818475843945826,0.037854605336539816
99.61832061068702,0.9963289501399212,0.996031746031746,0.9966666666666667,0.022060705021819997
98.47328244274809,0.9862788337008647,0.986952861952862,0.9857442348008386,0.06860269714175289
99.23664122137404,0.9930525401650022,0.9930525401650022,0.9930525401650022,0.03642903928794251
99.61832061068702,0.9961328993587059,0.9969418960244649,0.9953703703703703,0.03305808031035744
99.23664122137404,0.9929319563465905,0.9940476190476191,0.9919678714859438,0.02689093750686463
99.61832061068702,0.9964794278143732,0.9966996699669967,0.9962962962962963,0.009707598211283738
98.85496183206106,0.9894132474443356,0.9893593189964158,0.9895039593605258,0.048576987919020855
99.61832061068702,0.9964333056771474,0.9963768115942028,0.9965277777777778,0.03030482292591189
99.61832061068702,0.9963342296343294,0.99625468164794,0.9964539007092199,0.015123050958486914
99.23664122137404,0.9929189028026237,0.9936507936507937,0.9923371647509578,0.030607831543524755
99.23664122137404,0.9930487672423157,0.9930487672423157,0.9930487672423157,0.03711214718472867
99.23664122137404,0.9929213483146068,0.9933993399339934,0.9925925925925926,0.046144135530064065
99.23664122137404,0.9928182555311015,0.9931972789115647,0.9925925925925926,0.027098320692378622
98.09160305343511,0.982074189724463,0.982147676884519,0.9820382362010484,0.07570339072439491
99.23664122137404,0.9923361522198731,0.9923371647509578,0.9925093632958801,0.04324482613463552
100.0,1.0,1.0,1.0,0.013960429275308857
97.32824427480917,0.9765280761615905,0.9766666666666667,0.9779874213836478,0.08930516879977161
99.23664122137404,0.9926739926739927,0.9926739926739927,0.9926739926739927,0.03885548142360822
99.61832061068702,0.9961459203564466,0.9962121212121212,0.9961240310077519,0.01599056599661708
99.61832061068702,0.9963368857490766,0.9963369963369964,0.9963768115942028,0.017560089490454615
98.47328244274809,0.9851636832768907,0.9876543209876543,0.9833333333333334,0.05065389814695969
98.47328244274809,0.9858011404403157,0.985663082437276,0.9865319865319865,0.05793730093598124
98.47328244274809,0.9846662260409782,0.9846662260409782,0.9846662260409782,0.054184666742350306
99.23664122137404,0.9928104575163399,0.9935275080906149,0.9922480620155039,0.043629091897737664
97.32824415832985,0.9753945249597423,0.9744774477447745,0.9772105068442473,0.06784914468080942
98.09160305343511,0.9821665283857369,0.9821128909229596,0.9822573260073261,0.06761693835875218
99.23664122137404,0.9923760017327269,0.9930555555555555,0.991869918699187,0.019014009780193616
99.23664122137404,0.9927114280055457,0.9933333333333333,0.9922480620155039,0.027527717881229926
98.85496183206106,0.9886054476202669,0.9900990099009901,0.9874999999999999,0.03138468565562836
98.85496183206106,0.9892605886575736,0.9895019157088122,0.9890572390572391,0.039625812784007945
98.47328244274809,0.9855003940110323,0.9857283658584665,0.985426759620308,0.05509668929975139
98.85496183206106,0.9895807895807897,0.9896511796207846,0.9895460300235124,0.036615665910502485
98.85496183206106,0.9889840510849499,0.9896907216494846,0.9886363636363636,0.049570364984221585
98.47328244274809,0.9853974267898019,0.9862693890471669,0.9846838333727065,0.05810323216106373
99.23664122137404,0.9926647426647427,0.9933333333333333,0.9921568627450981,0.03081675823258044
98.85496171558177,0.9887037918451531,0.9884590995561192,0.988990514905149,0.05189772718052828
99.23664122137404,0.9927085823571599,0.9927085823571599,0.9927085823571599,0.03379745767202996
100.0,1.0,1.0,1.0,0.0037831366761850384
98.47328244274809,0.9847994127045818,0.985296661477253,0.9844720496894409,0.04218135848205949
99.61832061068702,0.9964156670039023,0.996415770609319,0.9964539007092199,0.007426735049158953
98.47328244274809,0.985925925925926,0.985925925925926,0.985925925925926,0.06918475867196529
98.47328244274809,0.9849317349317349,0.9860902255639098,0.9839432412247947,0.031534524127051856
98.47328244274809,0.984133573174669,0.9853703703703705,0.9830851259422687,0.0607882616366082
100.0,1.0,1.0,1.0,0.009341783977099446
98.47328244274809,0.9855851644070438,0.9855851644070438,0.9855851644070438,0.0490868731960832
96.94656488549619,0.9712430426716141,0.9708333333333333,0.9722480620155038,0.08074749790430638
99.61832061068702,0.9964173074540966,0.996078431372549,0.9967948717948718,0.015411696382549429
97.70992366412214,0.978243069364838,0.9790494058786742,0.9775910364145659,0.0484765469412522
99.23664122137404,0.9920533560380304,0.991869918699187,0.9924242424242425,0.03160627191985836
98.85496183206106,0.9897392722776184,0.9898245614035087,0.9896885521885522,0.04699243798632911
99.23664110489474,0.9921248963802155,0.9921248963802155,0.9921248963802155,0.0405104763180245
98.47328232626879,0.9850234270414994,0.9850234270414994,0.9850234270414994,0.05102656633799313
99.23664122137404,0.9923997063522908,0.9929078014184397,0.9920634920634921,0.03938272732693457
100.0,1.0,1.0,1.0,0.005087258704788699
99.61832061068702,0.9964148379448926,0.9963768115942028,0.9964912280701754,0.02517440383329646
99.61832061068702,0.9961375299721164,0.9968253968253968,0.9954954954954954,0.015840862440442992
98.85496183206106,0.9888899062967371,0.9892841135965448,0.9885365853658538,0.05616537640795453
98.85496183206106,0.9886991221069433,0.989010989010989,0.9887640449438203,0.025753248091929287
98.47328244274809,0.9848484848484849,0.9849326273192992,0.9849326273192992,0.054028988261316115
99.61832061068702,0.9962751402024743,0.99625468164794,0.9963369963369964,0.02057530405355319
99.61832061068702,0.9961824983911957,0.9963768115942028,0.996031746031746,0.01127557496291755
96.94656488549619,0.9719298245614034,0.9720005910165485,0.9720005910165485,0.10675348157100006
98.85496183206106,0.9884253838691333,0.988318173711432,0.9885765283355644,0.053158490428032765
98.47328244274809,0.9843406593406594,0.9849110254999083,0.9839506172839506,0.05136496575841616
98.47328244274809,0.9854203409758965,0.9854203409758965,0.9854203409758965,0.05362303063801298
98.47328244274809,0.9850671976107517,0.9841269841269842,0.9866666666666667,0.055036372554893714
99.61832061068702,0.9962751402024743,0.99625468164794,0.9963369963369964,0.023073682784572072
98.47328244274809,0.9855576150756874,0.986411149825784,0.9848589921405456,0.07007658506302832
98.85496171558177,0.9888458842531923,0.9893772893772894,0.988356053229471,0.04727226620867052
99.23664122137404,0.9923888600588134,0.9929824561403509,0.9919678714859438,0.03032936810565586
97.70992366412214,0.9783343040186372,0.9789915966386555,0.977829457364341,0.05748951318129481
99.61832061068702,0.9964457552297498,0.9966329966329966,0.9962962962962963,0.01342379637106011
99.61832061068702,0.9964417189525784,0.99625468164794,0.9966666666666667,0.02339038805936584
99.61832061068702,0.996376704573426,0.9963768115942028,0.996415770609319,0.004550423315381418
98.85496183206106,0.9884331227225621,0.9885411093276262,0.9883689839572193,0.053178119957482596
97.70992366412214,0.9794823232323232,0.9794515744442108,0.9796491228070175,0.07200247140331123
99.23664122137404,0.9928307123034227,0.9929824561403509,0.992831541218638,0.035986126770465574
98.85496183206106,0.9888472381424456,0.9883720930232558,0.9896907216494846,0.04350894972000392
99.61832061068702,0.9962018158734223,0.9957805907172995,0.9966666666666667,0.019656094971276423
99.23664122137404,0.9919713261648746,0.9912280701754387,0.9929078014184397,0.025518470232726877
98.85496183206106,0.9896094107512988,0.9898010486245781,0.9894532931554024,0.058457524090850255
98.47328244274809,0.9846491228070176,0.9853639240506329,0.9841082216968742,0.0595684266570984
100.0,1.0,1.0,1.0,0.012329898724525293
98.09160293695581,0.9829041845296022,0.9829581317062908,0.9831578947368421,0.027158767496811526
98.85496171558177,0.9888858016115588,0.9888463596328765,0.988965744400527,0.029505807707327924
100.0,1.0,1.0,1.0,0.007054919041664329
99.61832049420772,0.9964663319965225,0.9966329966329966,0.9963369963369964,0.02257312402015424
98.85496171558177,0.9890710382513661,0.989247311827957,0.989247311827957,0.04389708011432458
99.23664122137404,0.9926598104456543,0.9924242424242425,0.9930555555555555,0.03211523061049462
100.0,1.0,1.0,1.0,0.013979848687655207
98.85496171558177,0.9889489269469122,0.9889295889295889,0.9890083048363459,0.04886414559970375
100.0,1.0,1.0,1.0,0.01143450228113482
99.61832061068702,0.996196327993563,0.9954954954954954,0.9969418960244649,0.01785277284327219
99.61832061068702,0.9962751402024743,0.99625468164794,0.9963369963369964,0.024932801666605563
100.0,1.0,1.0,1.0,0.00944571914797816
100.0,1.0,1.0,1.0,0.009782169127964792
100.0,1.0,1.0,1.0,0.005677205748711215
99.23664122137404,0.9923361522198731,0.9923361522198731,0.9923361522198731,0.03486725929277233
99.23664122137404,0.9932549821154829,0.9930555555555555,0.9935897435897436,0.030759554392549758
98.47328244274809,0.9849336057201225,0.9850574712643678,0.9849761661559415,0.05807247479225843
99.61832061068702,0.9965034644991807,0.9966666666666667,0.9963768115942028,0.025921665110717747
98.09160305343511,0.9815024884773789,0.9812908496732026,0.9817542137129767,0.06422981083780112
98.85496183206106,0.9896442202471508,0.9904761904761905,0.9891304347826088,0.05028158982234602
98.47328244274809,0.9859586889849611,0.9859586889849611,0.9859586889849611,0.0714138176377493
99.23664122137404,0.9924668028600614,0.9924668028600614,0.9924668028600614,0.020076668270301957
98.85496183206106,0.9892937909712879,0.9891304347826088,0.9897959183673469,0.029827709967814357
98.47328244274809,0.9862528344671201,0.9862542955326461,0.9863902179691654,0.04563411363830245
96.94656476901687,0.9700033704078193,0.9698653198653199,0.9707868963188112,0.08996918308370896
98.47328244274809,0.9856843708357129,0.9856843708357129,0.9856843708357129,0.053327297589597575
99.23664122137404,0.9923687423687424,0.9923687423687424,0.9923687423687424,0.040273611773108044
99.23664122137404,0.992271818787475,0.992271818787475,0.992271818787475,0.04271583152110226
98.85496183206106,0.9889358339159244,0.9886621315192744,0.989249929008965,0.05382431264369542
96.94656476901687,0.969693056093676,0.9701981050818261,0.9706694271911663,0.10124460181207147
98.09160305343511,0.9821563182854799,0.9820665445665445,0.9822833142420772,0.04825016384133856
98.4732825592274,0.9851359119651802,0.9858847736625513,0.984550446684698,0.06310210928662133
99.23664122137404,0.9927527669463153,0.9927536231884058,0.9929078014184397,0.040021872712221025
98.47328244274809,0.9855562026790915,0.9862278244631186,0.9850387596899225,0.04306205535371511
98.85496183206106,0.9882639579973233,0.9885073260073259,0.9880658436213992,0.027186749171543838
98.85496183206106,0.9885918003565063,0.9894736842105263,0.9880952380952381,0.03440644902369107
97.70992366412214,0.9773657289002559,0.9789473684210526,0.9772727272727272,0.06953317563940925
99.23664122137404,0.9923760017327269,0.9930555555555555,0.991869918699187,0.03605906244452673
98.47328244274809,0.9857197403589156,0.9860506000152869,0.9855387667887668,0.04705946875437526
100.0,1.0,1.0,1.0,0.016474052524293653
99.23664122137404,0.992911791179118,0.992911791179118,0.992911791179118,0.0297342231696216
99.61832061068702,0.9965590940130009,0.9966996699669967,0.9964539007092199,0.020970844471949784
99.61832061068702,0.996144374240854,0.996078431372549,0.99625468164794,0.007806194755106539
98.09160305343511,0.9806705984426652,0.9801754385964913,0.9812101210121013,0.0415672262817735
98.09160305343511,0.9816735514676017,0.9832019743650983,0.9805035914436814,0.08168452886557065
98.09160305343511,0.9816369617518536,0.981063279228417,0.9822510822510822,0.06292205751439883
99.23664122137404,0.9926278918214403,0.9925093632958801,0.9929078014184397,0.03769858403287771
98.47328244274809,0.9856481481481482,0.9855022170811645,0.9859454032974245,0.04151375971748742
98.47328244274809,0.9855055338926307,0.9855055338926307,0.9855055338926307,0.05250453372074483
100.0,1.0,1.0,1.0,0.011562479418197661
99.23664122137404,0.9925844436295481,0.991869918699187,0.9934640522875817,0.017241945447585054
97.32824427480917,0.9743520056369218,0.9743589743589743,0.9746937459703418,0.04910005554542406
99.23664122137404,0.9925889328063242,0.9925093632958801,0.992831541218638,0.018042192978780888
98.85496183206106,0.9891146803916349,0.9896907216494846,0.9888888888888889,0.027983841450839615
97.70992366412214,0.9759601706970127,0.976978691019787,0.9751300236406619,0.08955918135847284
98.09160305343511,0.9818706708837063,0.9817966903073286,0.9819830475064064,0.04821900521980008
98.85496183206106,0.9894733926147539,0.9895094562647754,0.9894736842105263,0.04575348197577391
99.23664122137404,0.9930898675259577,0.9930898675259577,0.9930898675259577,0.03491317223444695
98.09160305343511,0.982074189724463,0.9824074074074075,0.982078853046595,0.05156768520542297
98.47328232626879,0.9857393426370776,0.9857774727369786,0.9858504958047293,0.04515494389160899
98.85496183206106,0.988352801760623,0.988222553133884,0.9885275519421861,0.029452577341509672
100.0,1.0,1.0,1.0,0.0062820061700034685
98.47328244274809,0.9861737946844329,0.9861737946844329,0.9861737946844329,0.064268963944206
98.85496183206106,0.9885232614686336,0.989004329004329,0.9880859880859881,0.03704073497463899
98.85496183206106,0.9892937909712879,0.9892017704517705,0.9894234440626194,0.05134189422591145
98.85496183206106,0.9882284501933408,0.9878332194121668,0.9886695906432749,0.05180933643114675
97.70992366412214,0.9794433902593296,0.9791228070175437,0.9803113553113553,0.09137929011977639
98.85496183206106,0.9889642695612845,0.9886345381526104,0.9893342992835868,0.0381102668826864
98.09160305343511,0.9830920968361726,0.9833196609242548,0.9828981054787507,0.06756665747442091
98.85496183206106,0.9884871141694512,0.9886579284169645,0.9883597883597884,0.04879363336003179
99.61832061068702,0.9964457552297498,0.9962962962962963,0.9966329966329966,0.021786419134444863
97.70992354764283,0.9793650793650794,0.9799307469436789,0.978937728937729,0.08629155522994413
98.09160305343511,0.9813519813519814,0.9810789549952387,0.9816658370665339,0.064787334467032
99.23664122137404,0.9930087662102441,0.9938271604938271,0.9923371647509578,0.017481457660129544
98.47328244274809,0.9856533393740325,0.9867424242424242,0.9847184582956942,0.04024779713776617
100.0,1.0,1.0,1.0,0.007637616396234691
97.32824427480917,0.9729792685767528,0.9750524389699647,0.971986567691764,0.08279671710935858
97.32824427480917,0.9749729941590907,0.9756704980842912,0.9746086292478046,0.059149330425012206
98.47328244274809,0.9856481481481482,0.9863945578231292,0.9855072463768115,0.0374424131444961
98.47328244274809,0.9851687059695958,0.9851687059695958,0.9851687059695958,0.07219441461372736
98.47328244274809,0.9851687059695958,0.9850131752305665,0.9854857331354115,0.05906100428880029
98.09160305343511,0.9816447506996058,0.9827336392175803,0.9809123649459783,0.048989797316719104
99.61832061068702,0.9964529975001181,0.9965277777777778,0.996415770609319,0.02708329218426428
97.70992366412214,0.9776543209876544,0.9784653465346534,0.9770058306643672,0.08335778013739081
98.85496183206106,0.9888797739495031,0.9904761904761905,0.9876543209876543,0.02179494888329779
98.85496183206106,0.9879130025693916,0.9883091787439614,0.987565066512435,0.039629663411562974
98.85496183206106,0.989126921155485,0.9885057471264368,0.9900990099009901,0.04725411247403382
99.61832061068702,0.9962214608216722,0.9964539007092199,0.996031746031746,0.020116924500192396
98.85496183206106,0.9892220773576706,0.9894094001236858,0.9890729371790417,0.03954246601176258
98.85496183206106,0.989636192777554,0.9896885069817399,0.989619129438717,0.04087184831606804
98.47328244274809,0.9846723044397464,0.9846743295019157,0.9848424763163693,0.02685328082622292
99.61832049420772,0.9962545634357016,0.9962962962962963,0.99625468164794,0.009276919180655298
99.61832061068702,0.9964015971520661,0.9967637540453075,0.996078431372549,0.016057874147161727
98.85496171558177,0.9895242012889072,0.98989898989899,0.9894736842105263,0.04861533243692558
98.47328244274809,0.9867476171823998,0.9867476171823998,0.9867476171823998,0.05277256640420786
98.85496183206106,0.9890235002189461,0.9884226884226884,0.9896649896649897,0.03143676268007919
99.23664110489474,0.9929441473559121,0.9935275080906149,0.9925093632958801,0.032231904566287994
98.85496183206106,0.9894872994468448,0.9902912621359223,0.989010989010989,0.04331747293054617
98.09160305343511,0.9822085947628917,0.9836601307189543,0.9816849816849818,0.05449920460382982
98.09160305343511,0.9808270800965259,0.9808429118773946,0.9818840579710145,0.03910999848382487
98.47328244274809,0.9838772338772338,0.9838772338772338,0.9838772338772338,0.06716277382695578
99.23664122137404,0.9926796454574233,0.9926796454574233,0.9926796454574233,0.03834857642455097
100.0,1.0,1.0,1.0,0.013207867502089134
98.47328244274809,0.9850671976107517,0.9866666666666667,0.9841269841269842,0.06610931733219692
98.09160305343511,0.9814387530123572,0.982551440329218,0.9806905580101457,0.06135997287075938
98.47328244274809,0.9855003940110323,0.9857283658584665,0.985426759620308,0.035515614134805605
99.23664122137404,0.9925970873786408,0.9935897435897436,0.9917695473251028,0.016632277298121508
99.61832061068702,0.9964857370342916,0.9961240310077519,0.9968847352024922,0.01828271933770845
99.23664122137404,0.9923507299589125,0.9919678714859438,0.9929078014184397,0.04045727512735219
99.61832061068702,0.9964201962191912,0.9966666666666667,0.9962121212121212,0.01740057868100987
98.85496183206106,0.9894547964113182,0.9891879964695498,0.9897583259652225,0.03456731508166053
98.85496183206106,0.988826815642458,0.9888472742405326,0.9888472742405326,0.03804452083196192
98.47328244274809,0.9851307189542484,0.9851307189542484,0.9851307189542484,0.052733309300263584
98.85496183206106,0.9889164446893849,0.9891339869281045,0.9887392900856793,0.03351690378977618
98.09160305343511,0.9826157816107566,0.9831356762049831,0.9824142422926618,0.049038520727114655
97.70992366412214,0.9785943223443224,0.9784897025171625,0.9788468881252387,0.0589175658257863
98.85496183206106,0.9888111888111889,0.989132238261158,0.9885314453691053,0.053895184356441105
99.23664122137404,0.9923807035876001,0.9924242424242425,0.9925093632958801,0.030160517617971245
99.23664122137404,0.9929793444924805,0.9929078014184397,0.9931972789115647,0.02771498488248077
99.23664122137404,0.9925953199149076,0.9925953199149076,0.9925953199149076,0.020121459813632128
98.85496171558177,0.9894168043228714,0.9893990294886151,0.9894713261648745,0.04507541155997123
98.85496183206106,0.9897425107177612,0.9897937710437711,0.9897257872221054,0.03601756397111987
98.47328244274809,0.985,0.985,0.985,0.07234454148214396
99.61832061068702,0.9963619558911733,0.9967320261437909,0.996031746031746,0.014487286044981416
99.23664122137404,0.9925916779849363,0.9927536231884058,0.9925925925925926,0.0283246515440943
98.85496183206106,0.9890158561431482,0.989550061122284,0.9885220125786164,0.052130420585625045
98.85496183206106,0.9891023968930238,0.9896643827662293,0.9885802469135802,0.04329896657923166
98.47328244274809,0.9852665852665853,0.9853072853072854,0.9853851164305487,0.0497152493293095
98.85496183206106,0.9892395360273061,0.9893518518518518,0.9891652207441681,0.055082759327343196
97.70992366412214,0.9793726741095162,0.9793814432989691,0.9799141204443025,0.07644580169367597
100.0,1.0,1.0,1.0,0.006700265576764373
98.47328244274809,0.9851906398298151,0.9865319865319865,0.9844961240310077,0.0630591852055409
98.85496183206106,0.9891435110472111,0.9886363636363636,0.9899999999999999,0.05382032696698003
98.85496183206106,0.9884962480579155,0.9886243386243386,0.988411544393038,0.023000325497746034
97.32824427480917,0.9748223350253807,0.9750377336584233,0.9746444032158318,0.07033356321790746
98.85496183206106,0.9890592771948704,0.9889632640051,0.9891945773524721,0.04476170861766539
98.85496183206106,0.9897892735276498,0.9896907216494846,0.9901960784313726,0.03189723722246575
98.85496183206106,0.9886065706424988,0.9888154769616099,0.9884403036576949,0.04121109991128208
99.23664122137404,0.9920634920634921,0.9920634920634921,0.9920634920634921,0.023414332674375694
99.23664122137404,0.9921963613266186,0.9916666666666667,0.9929078014184397,0.012859825205719027
99.23664122137404,0.9927450980392157,0.9933993399339934,0.9922480620155039,0.04698311072553842
99.61832061068702,0.99632647015257,0.9969135802469135,0.9957805907172995,0.006622913968482745
98.47328244274809,0.9860288201302027,0.9860288201302027,0.9860288201302027,0.0480636176475473
98.09160305343511,0.9816844287453833,0.981917764085216,0.9818035426731079,0.059268248978405054
98.47328244274809,0.9858329624684764,0.9867246764837126,0.9850906400295968,0.03243946573050081
99.23664110489474,0.9926420052557106,0.9926420052557106,0.9926420052557106,0.041696773913070445
98.85496183206106,0.9896271599057976,0.990072425366543,0.9892177589852009,0.03515195996345146
98.85496183206106,0.9888212334113974,0.989247311827957,0.9887640449438203,0.0520775398309587
98.85496183206106,0.9890238416554206,0.9888116358986654,0.9892757102841138,0.050045522323761575
99.23664122137404,0.992995966263293,0.9926739926739927,0.9934640522875817,0.04142029694243084
99.61832061068702,0.9962737444704658,0.9963768115942028,0.9962121212121212,0.02559985301223182
99.23664122137404,0.9921296296296296,0.9926739926739927,0.9917695473251028,0.04061987885640124
99.23664122137404,0.9929323364207864,0.9929323364207864,0.9929323364207864,0.03227247585291896
99.23664122137404,0.9927226704635342,0.9927226704635342,0.9927226704635342,0.019499678595612743
98.09160305343511,0.9818792408977653,0.9818840579710145,0.9822195939286417,0.07042791726616858
100.0,1.0,1.0,1.0,0.00425866014459206
99.61832061068702,0.9964627607310295,0.9962962962962963,0.9966666666666667,0.009910431857694487
98.09160305343511,0.9819630095449803,0.9820926966292135,0.9818713450292398,0.06738061816404922
99.23664122137404,0.9931338389014143,0.9919678714859438,0.9944444444444445,0.026795062586400333
98.47328244274809,0.9856481481481482,0.9856481481481482,0.9856481481481482,0.05143077248522571
98.85496183206106,0.9889868504197635,0.9893172690763051,0.9886964886964887,0.03324710474641041
98.85496183206106,0.9885379439131975,0.9902912621359223,0.9871794871794872,0.04855785733319904
98.85496183206106,0.9895276475587357,0.9895102339181286,0.989581048475543,0.04698344982648624
99.61832061068702,0.9963500373971579,0.9962121212121212,0.9965277777777778,0.023079112871118575
98.85496171558177,0.9892519223622903,0.9889206167904055,0.9896214896214897,0.05535909954373163
98.47328244274809,0.9861827033218785,0.9861827033218785,0.9861827033218785,0.062415754963937774
99.23664122137404,0.9927033492822966,0.9925093632958801,0.9930555555555555,0.030162979772257556
97.70992354764283,0.9775252525252526,0.9775280898876404,0.9776851500989432,0.05846368686388467
98.85496183206106,0.9888212334113974,0.989247311827957,0.9887640449438203,0.030153048506010152
98.09160293695581,0.9823461091753775,0.9817183965587569,0.9833035181872392,0.04738727177827413
99.23664122137404,0.9929453262786595,0.9938837920489297,0.9921568627450981,0.01673372407649992
98.09160305343511,0.9834068524770613,0.9836572292920325,0.9831888626214867,0.03931439343843438
98.47328244274809,0.9845604640785365,0.9849459483605826,0.9843499197431781,0.04354576703928809
97.32824427480917,0.973896742159396,0.9733381882914593,0.9744964262508121,0.10338686013821768
98.09160305343511,0.9813561591627783,0.9817656765676568,0.9809876543209876,0.04425456394106621
99.61832061068702,0.9966103153095022,0.9967637540453075,0.9964912280701754,0.02149886785089287
99.23664122137404,0.9928240740740741,0.9928240740740741,0.9928240740740741,0.03447353760916242
99.23664122137404,0.9924610273447483,0.9924610273447483,0.9924610273447483,0.04713132763494744
99.61832061068702,0.9961674430898338,0.99625468164794,0.9961240310077519,0.009121240635637108
99.23664122137404,0.9924203273040483,0.9923371647509578,0.9926739926739927,0.012404697336134756
99.23664122137404,0.9924089068825911,0.9924089068825911,0.9924089068825911,0.04000727514841217
99.61832061068702,0.9963858363858363,0.9965986394557823,0.9962121212121212,0.01874509398320704
99.61832061068702,0.9965978424072001,0.9965635738831615,0.9966666666666667,0.024403923749879274
99.61832061068702,0.996371560130545,0.9965277777777778,0.99625468164794,0.02558979058712863
98.85496183206106,0.989636192777554,0.98989898989899,0.9896907216494846,0.04356650222192397
99.61832061068702,0.9961470754309629,0.9964539007092199,0.9958847736625515,0.026301611038809108
98.09160305343511,0.9823012095701854,0.9817988720427744,0.9828409758965314,0.06005312334959402
98.85496183206106,0.989002688902988,0.9891199226305609,0.9889251339051991,0.045515291506552515
99.61832061068702,0.9963004976954757,0.9965635738831615,0.996078431372549,0.02625371408955379
98.85496183206106,0.9895463777928232,0.9892496392496394,0.9898792741993784,0.028992742852284308
99.23664122137404,0.9927159618867627,0.9927159618867627,0.9927159618867627,0.03941919817072686
99.23664122137404,0.9930287430287431,0.9940476190476191,0.9921568627450981,0.025374091022162704
98.85496183206106,0.9894710592668532,0.9894355791962175,0.989542918375642,0.05199704278892506
98.47328244274809,0.9852970554157178,0.9873015873015873,0.9839357429718875,0.02997730086550458
98.85496183206106,0.9893541719754241,0.9892814009661836,0.9894641441033194,0.047486877881118474
98.85496183206106,0.9881240996451285,0.9879213483146069,0.9883731833098922,0.0345678208680212
99.61832061068702,0.9961497420327161,0.9957805907172995,0.9965635738831615,0.040220097361402654
98.47328244274809,0.9856614246068455,0.985663082437276,0.9858106805475226,0.024968344657760752
99.23664122137404,0.9927603561749904,0.9927603561749904,0.9927603561749904,0.03504470859490733
99.23664122137404,0.9934304207119741,0.9935897435897436,0.9933993399339934,0.027078381421414156
96.56488549618321,0.9676961820129099,0.9675925925925926,0.9678365960075679,0.06654196412623363
99.23664122137404,0.9920634920634921,0.9920634920634921,0.9920634920634921,0.02307537789563186
98.09160305343511,0.9813407553345633,0.9812036342418938,0.9815185648727577,0.04282698170761826
99.61832061068702,0.996439046789051,0.996031746031746,0.9968847352024922,0.005873670490487045
99.61832061068702,0.9963149590268235,0.996415770609319,0.99625468164794,0.024315526701406867
98.47328244274809,0.9855003940110323,0.9855003940110323,0.9855003940110323,0.03601840365311941
99.61832061068702,0.9962291886364363,0.9961240310077519,0.9963768115942028,0.01953134785285433
99.23664122137404,0.9925844436295481,0.9925844436295481,0.9925844436295481,0.017543165581940693
100.0,1.0,1.0,1.0,0.0057199833914734766
98.85496183206106,0.9881721532834239,0.9900990099009901,0.9866666666666667,0.036573430537495
98.85496183206106,0.9896287188260137,0.9893874643874644,0.9899054752987336,0.052095817181615885
99.61832061068702,0.9964156670039023,0.9964539007092199,0.996415770609319,0.024783354407649148
98.09160305343511,0.9827214209616916,0.9830824372759857,0.9826746849942727,0.034277308419460556
99.23664122137404,0.9930239282874286,0.9937694704049843,0.9924242424242425,0.019073535714659286
98.85496183206106,0.9888720595963031,0.9887529353602768,0.9890318324261916,0.03411911238510986
99.23664122137404,0.9925779317169718,0.9925779317169718,0.9925779317169718,0.02273942878023714
98.85496183206106,0.9894132474443356,0.9893593189964158,0.9895039593605258,0.054754306000607614
99.23664122137404,0.9927101704879483,0.9937106918238993,0.991869918699187,0.02832386834068821
99.23664122137404,0.9926332926332927,0.9926332926332927,0.9926332926332927,0.026089675120324188
98.09160305343511,0.9820742146684688,0.9830065359477125,0.9814814814814815,0.07653456312788202
98.85496183206106,0.9895655934906604,0.9898629148629149,0.9893042350907519,0.041695777456456515
100.0,1.0,1.0,1.0,0.012131483440061023
98.47328244274809,0.9836658841940532,0.9836658841940532,0.9836658841940532,0.040467419878416164
98.47328244274809,0.9846753246753247,0.9846753246753247,0.9846753246753247,0.07139078367018063
98.09160305343511,0.9809498927751107,0.9812636165577343,0.9810170672239638,0.07987075606947551
98.85496183206106,0.9897358016286559,0.9906542056074766,0.9891304347826088,0.030373130278050445
98.47328244274809,0.9851778656126481,0.9854158942034359,0.9851010412808167,0.050203680082131885
99.23664122137404,0.9926669854933844,0.9926669854933844,0.9926669854933844,0.03640711415587491
99.23664122137404,0.9927875243664718,0.9927875243664718,0.9927875243664718,0.04259838084228166
98.47328244274809,0.9858011404403157,0.985663082437276,0.9865319865319865,0.06645349052835536
98.47328244274809,0.9854276158623985,0.9858156028368795,0.985663082437276,0.0636276993928725
100.0,1.0,1.0,1.0,0.009304588479754152
98.09160305343511,0.9817828878602359,0.9818399044205496,0.9817646121993948,0.045238088837565714
99.23664122137404,0.9924834131183338,0.991869918699187,0.9932659932659932,0.03455030782644118
100.0,1.0,1.0,1.0,0.008088994645940154
98.85496183206106,0.9891077158585769,0.9894310859657395,0.9888235294117647,0.029474670840847175
99.61832061068702,0.9963858363858363,0.9965986394557823,0.9962121212121212,0.0192043379176664
99.61832061068702,0.9964417189525784,0.99625468164794,0.9966666666666667,0.02650703102466206
98.85496171558177,0.9896772820390028,0.9894736842105263,0.9901960784313726,0.04282576232466079
98.85496183206106,0.9896882557737795,0.9899999999999999,0.9896907216494846,0.050557777623269164
99.23664122137404,0.9926647426647427,0.9921568627450981,0.9933333333333333,0.016849345437833996
99.61832061068702,0.9962756052141527,0.9962962962962963,0.9962962962962963,0.013508207883636061
99.23664122137404,0.9927234927234928,0.9940476190476191,0.9915611814345991,0.046383500472199926
99.61832061068702,0.9962545647492119,0.9966666666666667,0.9958847736625515,0.013055581123148667
98.09160305343511,0.9823316599826121,0.9829213483146066,0.982070820259973,0.0413653115574145
98.85496183206106,0.989632852577015,0.9895810955961332,0.9897198939752131,0.05517469771661376
98.47328232626879,0.9855562026790915,0.9862278244631186,0.9850387596899225,0.054259507028201155
98.85496183206106,0.9879808557342834,0.9877733026467204,0.9882358590223759,0.03626948950513629
98.85496183206106,0.9893731838937319,0.990990990990991,0.9880952380952381,0.04422558943620165
99.61832061068702,0.9965117863469137,0.9967637540453075,0.9962962962962963,0.022514077439328355
99.23664122137404,0.9931965776724049,0.9925925925925926,0.993939393939394,0.035300031410999425
98.47328244274809,0.9854228560110913,0.9846743295019157,0.9867986798679867,0.03556736189545886
98.85496183206106,0.9895287958115183,0.9895467836257309,0.9895467836257309,0.025128181376814388
99.61832061068702,0.9963756403851617,0.9966666666666667,0.9961240310077519,0.008435159171833692
98.47328244274809,0.9857121143030856,0.9857121143030856,0.9857121143030856,0.06917517350694229
99.61832061068702,0.9962945903065664,0.996031746031746,0.9965986394557823,0.019475830761530928
98.85496183206106,0.9887466413782203,0.9885057471264368,0.9893617021276596,0.030995987259288753
98.85496183206106,0.9893880045559352,0.9907407407407408,0.9883720930232558,0.050584136238472736
99.61832061068702,0.9962061197874564,0.9963768115942028,0.996078431372549,0.022875192397326174
100.0,1.0,1.0,1.0,0.006012525808249195
98.85496183206106,0.9894179894179894,0.9895833333333334,0.9895833333333334,0.03702175896970256
99.61832061068702,0.9962407935194548,0.9969696969696971,0.9955555555555556,0.011311957416238392
99.23664122137404,0.9932274477447746,0.9934640522875817,0.993127147766323,0.02795273683190289
99.23664122137404,0.9919250180245133,0.9919250180245133,0.9919250180245133,0.023335266005219395
99.61832061068702,0.9965612896936179,0.9966666666666667,0.9964912280701754,0.029593010385807795
99.23664122137404,0.9926660219213411,0.9926660219213411,0.9926660219213411,0.021495751425168897
97.70992366412214,0.9791304347826086,0.9791304347826086,0.9791304347826086,0.06511065674739541
99.23664122137404,0.9930525401650022,0.9930525401650022,0.9930525401650022,0.02261392798591121
99.61832061068702,0.9963133640552996,0.9957264957264957,0.9969418960244649,0.01844153989915992
100.0,1.0,1.0,1.0,0.007508281575922876
98.09160293695581,0.9819735547175693,0.9820662768031189,0.9819187904294288,0.04709072814870427
98.47328244274809,0.9862433862433863,0.9868207193837891,0.9858058608058609,0.06940990650003513
99.61832061068702,0.9960928128320252,0.9962962962962963,0.9959349593495935,0.028784362201131026
99.23664122137404,0.9927527669463153,0.9927527669463153,0.9927527669463153,0.042581361213713205
99.23664122137404,0.9927321562586404,0.9927321562586404,0.9927321562586404,0.027212855062635887
98.85496171558177,0.9884750897296586,0.9876543209876543,0.9896907216494846,0.03374937941668598
99.61832061068702,0.9961532084231471,0.996415770609319,0.9959349593495935,0.011004136529191707
98.09160305343511,0.9828987871293641,0.982982456140351,0.9828493265993266,0.06951328082554903
98.85496183206106,0.9894127102907347,0.9897891231964483,0.9890734588409007,0.03224966223600484
98.85496183206106,0.9888142477737855,0.98895557222639,0.9887139763451608,0.031184302936923487
98.85496183206106,0.988813695497667,0.9878048780487805,0.9901960784313726,0.026459644797421595
98.85496183206106,0.9888212334113974,0.9887640449438203,0.989247311827957,0.042798577509251715
98.85496183206106,0.9888111888111889,0.9885314453691053,0.989132238261158,0.054807430159439195
98.09160305343511,0.981453432660505,0.9816097641431635,0.9813372883450748,0.05402562454173329
98.85496183206106,0.9888899062967371,0.9885365853658538,0.9892841135965448,0.03285217096048002
98.09160305343511,0.9828174128692263,0.983023214602162,0.982922335600907,0.04200607638287123
97.70992366412214,0.9772697920702571,0.9772727272727272,0.9774332472006891,0.07467829840051593
99.23664122137404,0.9918615984405458,0.9918615984405458,0.9918615984405458,0.032076891520565365
99.61832061068702,0.9966565527387011,0.9968553459119497,0.9964912280701754,0.02877197399018297
97.70992366412214,0.9786090139556166,0.9786090139556166,0.9786090139556166,0.06603482965724757
97.32824427480917,0.9766660833187496,0.9766976697669767,0.9766666666666666,0.06890509496549614
99.23664122137404,0.9928647741147741,0.9927536231884058,0.993127147766323,0.0324842594314579
98.47328232626879,0.9865721997300945,0.9863470873786407,0.9869300911854104,0.046511197021899334
99.23664122137404,0.9930487672423157,0.9930487672423157,0.9930487672423157,0.033112553193151484
99.23664122137404,0.991715550066893,0.991715550066893,0.991715550066893,0.025258307635361143
99.23664122137404,0.9926941709642131,0.9926941709642131,0.9926941709642131,0.035526372634500036
97.70992366412214,0.9791801510248113,0.9803391053391053,0.9785837279380112,0.047621713691739405
99.23664122137404,0.9926152590779274,0.9923371647509578,0.9930555555555555,0.026501215866390076
98.47328244274809,0.9857393426370776,0.9859649122807017,0.9861111111111112,0.06822117613668496
100.0,1.0,1.0,1.0,0.008096372374539612
98.85496183206106,0.9893251568577351,0.9900990099009901,0.9888888888888889,0.04508905464733101
98.85496183206106,0.9899243057137794,0.9901046943600136,0.9897773279352227,0.05321481064644479
99.23664122137404,0.992333113020489,0.9925925925925926,0.9922480620155039,0.03656493054564246
99.23664122137404,0.9925084175084176,0.9925084175084176,0.9925084175084176,0.03498312040367199
99.61832061068702,0.996368122378485,0.9962121212121212,0.9965635738831615,0.0197362910839729
99.61832061068702,0.9964106868903233,0.9965635738831615,0.9962962962962963,0.02791095071095433
98.85496183206106,0.9883024934158772,0.9886363636363636,0.9883720930232558,0.017201771212627094
98.85496183206106,0.98901065724723,0.9890499194847021,0.989010989010989,0.060134587196263536
99.23664122137404,0.992973642056211,0.993939393939394,0.9921568627450981,0.027607688443905865
98.85496183206106,0.9889840510849499,0.9888283928211333,0.9891795865633074,0.05658966684198533
98.09160305343511,0.9829180502174463,0.9831501831501832,0.9827201783723524,0.07132327055529902
100.0,1.0,1.0,1.0,0.009426361845649836
98.85496183206106,0.9886330610004198,0.9886363636363636,0.989010989010989,0.06259847911788356
100.0,1.0,1.0,1.0,0.006379568302225879
97.70992354764283,0.9784313725490197,0.9784313725490197,0.9784313725490197,0.06643757383331998
98.47328244274809,0.9856532356532357,0.9864601262191623,0.9849990481629546,0.054528300513229905
99.61832061068702,0.9963500373971579,0.9965277777777778,0.9962121212121212,0.017899471662142348
97.70992366412214,0.9790849673202615,0.9790849673202615,0.9790849673202615,0.06755471298713699
99.23664122137404,0.9923997063522908,0.9923997063522908,0.9923997063522908,0.037740424612536135
98.47328244274809,0.9867870225013081,0.9866627439442973,0.987039764359352,0.040753032388432746
98.47328244274809,0.9854241338112306,0.9854241338112306,0.9854241338112306,0.06439922424038838
99.23664122137404,0.992313705054716,0.992313705054716,0.992313705054716,0.030277221706893138
97.70992366412214,0.9768716577540107,0.9769669428851465,0.9774654172244533,0.08291703318281256
97.32824427480917,0.9738407399333561,0.975,0.9730468264811826,0.047826192618509
97.32824427480917,0.9745467121189665,0.9753218459100812,0.9741161616161617,0.07544846316703545
99.61832061068702,0.9965228301294976,0.9961685823754789,0.9969135802469135,0.018047257363867326
99.23664122137404,0.9921975439996453,0.9921975439996453,0.9921975439996453,0.015999019826239844
98.85496183206106,0.9891891891891893,0.9892083528128408,0.9892083528128408,0.05100307297956853
99.23664110489474,0.9926359366292492,0.9916666666666667,0.9937694704049843,0.0094900026007463
98.47328244274809,0.9842569842569843,0.985433789954338,0.983265306122449,0.04618369383099382
99.61832061068702,0.9964957664822816,0.9962962962962963,0.9967320261437909,0.023672508665907928
99.61832061068702,0.9965154592642743,0.9968553459119497,0.9962121212121212,0.01433029740014405
98.85496183206106,0.9895858367379636,0.990990990990991,0.9885057471264368,0.036470658376898245
99.23664122137404,0.9925818416384454,0.9925818416384454,0.9925818416384454,0.041731151322059276
99.61832061068702,0.9964173074540966,0.9967948717948718,0.996078431372549,0.023162095723513743
97.70992354764283,0.9773946360153257,0.978494623655914,0.9777777777777779,0.05378249025981845
98.47328244274809,0.9864632721775578,0.9865635738831614,0.9864976293547723,0.043286781363613115
99.61832061068702,0.9963900649980318,0.9959349593495935,0.9968847352024922,0.010947654958310508
99.23664122137404,0.9927114280055457,0.9927114280055457,0.9927114280055457,0.037668509987575705
98.85496183206106,0.9887918349456811,0.988610763454318,0.9890142021720969,0.04881627069815517
99.23664122137404,0.9923361522198731,0.9923361522198731,0.9923361522198731,0.03847528038677966
99.23664122137404,0.9929824561403509,0.9929824561403509,0.9929824561403509,0.02203601584520959
98.09160305343511,0.9819630095449803,0.9818018860572053,0.9824664167447673,0.059242207833782604
99.61832061068702,0.9964173074540966,0.9967948717948718,0.996078431372549,0.011674801257389192
98.85496171558177,0.9893035893035894,0.9893592677345536,0.989285441927858,0.025720289986552174
98.47328244274809,0.9846883292009222,0.9835390946502057,0.9865319865319865,0.08125943300946978
99.23664122137404,0.9926987133949009,0.9935897435897436,0.9919678714859438,0.0150865180269488
100.0,1.0,1.0,1.0,0.016688566576940084
98.47328244274809,0.9859087032298736,0.9859087032298736,0.9859087032298736,0.05229796724081153
98.85496183206106,0.9892095721537345,0.9890228818800247,0.9894345756414721,0.05524353672330844
99.61832061068702,0.9962934362934363,0.996415770609319,0.9962121212121212,0.022680502029434415
98.85496171558177,0.9895242012889072,0.9894713753016012,0.9896130495208837,0.05398737542501843
99.61832061068702,0.996252682263045,0.9965635738831615,0.9959839357429718,0.013838908389807884
98.09160293695581,0.9822287761487489,0.9820861678004537,0.9824083531948701,0.07330624725072439
99.61832061068702,0.996566373231726,0.9969135802469135,0.99625468164794,0.009284587059295421
98.85496183206106,0.989274140353896,0.9888888888888889,0.9899999999999999,0.04281921746770901
98.4732825592274,0.9858870967741935,0.9858870967741935,0.9858870967741935,0.04850512833995674
99.61832061068702,0.9963811703490704,0.9961685823754789,0.9966329966329966,0.028483938147626703
98.09160305343511,0.9819058517453518,0.9814120587316464,0.9827450980392157,0.07306276359159912
98.09160305343511,0.9818428106176326,0.9837662337662337,0.9802752293577982,0.04306924379366727
98.09160305343511,0.9813197249094685,0.982095046854083,0.9809118946403267,0.0718358300087746
98.47328244274809,0.9851941747572815,0.9851941747572815,0.9851941747572815,0.049380449298124955
100.0,1.0,1.0,1.0,0.012151215175248484
98.47328244274809,0.985663082437276,0.9859649122807017,0.9859649122807017,0.062011614320617255
98.85496183206106,0.9893211289092295,0.9896681749622926,0.9890118160608113,0.03891639258598781
98.85496183206106,0.9893372656892493,0.9895206749139334,0.989191232048375,0.04816150110188733
98.85496183206106,0.9886606147475713,0.9883331212082643,0.989030612244898,0.05143922118057732
99.61832061068702,0.9961008311386257,0.996078431372549,0.9961685823754789,0.021537903123997323
98.09160305343511,0.9823554124072259,0.9823028673835125,0.9824443448378903,0.07046751695052358
98.47328244274809,0.983147853736089,0.9846743295019157,0.9824561403508771,0.04960754474911364
99.23664122137404,0.9919944789510007,0.9937106918238993,0.9904761904761905,0.030148661068022137
99.23664122137404,0.9928015790084755,0.9928015790084755,0.9928015790084755,0.026452513399644124
98.85496183206106,0.9887126777437967,0.9899999999999999,0.9878048780487805,0.031364097821575995
99.23664110489474,0.9930555555555557,0.993127147766323,0.993127147766323,0.017571868730410365
98.09160305343511,0.9812819808547216,0.9786324786324787,0.984984984984985,0.08184039812954498
98.85496183206106,0.9887763739536634,0.9885547201336675,0.9890394912985273,0.04670888599619724
98.47328244274809,0.9859399859399859,0.9867986798679867,0.985663082437276,0.022288808426713103
98.09160305343511,0.9823461091753775,0.9833035181872392,0.9817183965587569,0.04196489021661496
99.61832061068702,0.9962870138308734,0.9961240310077519,0.9964912280701754,0.019293432770908333
98.09160305343511,0.9805597452656277,0.9810239885427855,0.9801401347793101,0.05054149095707794
98.47328232626879,0.9856209150326798,0.9856209150326798,0.9856209150326798,0.053160407502232616
98.85496183206106,0.9890592771948704,0.9888888888888889,0.9895833333333334,0.02302496458154051
97.70992366412214,0.976784755770263,0.9780500942633988,0.9762159750111558,0.08054182995903886
98.09160305343511,0.9806465169260034,0.9834983498349835,0.9789029535864979,0.06445805730923783
99.61832061068702,0.9965095986038395,0.9965277777777778,0.9965277777777778,0.03245391371950528
98.85496183206106,0.9889357375676564,0.9874999999999999,0.9907407407407408,0.04158229964166766
99.23664122137404,0.9924648786717752,0.9926739926739927,0.9924242424242425,0.03786205432092494
98.47328232626879,0.9847214946743496,0.9851822711775505,0.9844322344322345,0.037775504452581626
99.23664122137404,0.9925953199149076,0.9931972789115647,0.9921568627450981,0.014861182015316334
99.23664122137404,0.9928104575163399,0.9928104575163399,0.9928104575163399,0.025158972088389724
97.70992366412214,0.9774004085801838,0.9775223499361431,0.9774429690160028,0.07555284676717892
98.09160305343511,0.982100981095956,0.9823371647509579,0.9819023569023568,0.08405879374330451
99.61832061068702,0.9961574149882648,0.9966329966329966,0.9957264957264957,0.028269342111267207
99.23664122137404,0.9926062091503268,0.993127147766323,0.9922480620155039,0.03032461221806193
98.47328244274809,0.9846723044397464,0.9846723044397464,0.9846723044397464,0.04663663165522064
98.47328244274809,0.9860380116959063,0.9860745614035088,0.9861446223587045,0.05647279323644217
98.85496183206106,0.9886271849051727,0.9887524240465417,0.9885443583118002,0.03192858373877799
98.85496183206106,0.989632852577015,0.9897198939752131,0.9895810955961332,0.05680957412389853
99.23664122137404,0.9927875243664718,0.9930555555555555,0.9926739926739927,0.03156711490276511
97.70992366412214,0.9762038073908176,0.9755155239026206,0.9770760233918129,0.053089056906729354
98.47328244274809,0.9859840232389252,0.985256828225748,0.9868574341051405,0.06124471294700758
98.47328244274809,0.9851393188854489,0.9851393188854489,0.9851393188854489,0.03495565048169668
97.70992366412214,0.9787209960384833,0.979591836734694,0.9791666666666666,0.09944607448970316
98.47328244274809,0.9856564488143436,0.9858796296296296,0.9855843354918287,0.049329026950565916
99.61832061068702,0.996218482956766,0.9966996699669967,0.9957805907172995,0.027762461730829115
99.23664122137404,0.992911791179118,0.992911791179118,0.992911791179118,0.0240219988434595
100.0,1.0,1.0,1.0,0.00961299016778464
99.23664122137404,0.9926739926739927,0.9926739926739927,0.9926739926739927,0.03421227296770778
98.85496183206106,0.9892445138346777,0.9892075238976257,0.9893194524773472,0.026791837464145807
98.85496183206106,0.9886875659093087,0.9885850583525002,0.9888320545609548,0.029665895683498953
98.85496183206106,0.9887608524072613,0.9887640449438203,0.9891304347826088,0.045395026478440084
100.0,1.0,1.0,1.0,0.01124767103065374
98.85496183206106,0.9888627115013922,0.989297385620915,0.9884692172920996,0.04858945368484546
99.23664122137404,0.9926224830846988,0.9926224830846988,0.9926224830846988,0.02438951461523827
98.09160305343511,0.9823676437173369,0.982919989802979,0.9818524970963995,0.054676475468134325
98.09160305343511,0.982269001876845,0.9823052254291643,0.9822695035460992,0.09061945933237217
99.61832061068702,0.9961583043550256,0.9963768115942028,0.9959839357429718,0.010098817720049495
98.47328244274809,0.9852665852665853,0.9855072463768115,0.985663082437276,0.05946682672769912
100.0,1.0,1.0,1.0,0.005561578531397634
98.85496183206106,0.9889389223004624,0.9893488259501332,0.9885695886661837,0.04779664887063039
98.47328244274809,0.9845728553593722,0.9848728246318608,0.9844474153297683,0.07410631398781459
99.61832061068702,0.9961793146377325,0.9967320261437909,0.9956709956709956,0.010993227035075805
99.23664122137404,0.9927398989898991,0.9927398989898991,0.9927398989898991,0.028359049234453957
98.85496183206106,0.9889840510849499,0.9896907216494846,0.9886363636363636,0.021209230652267385
99.61832061068702,0.9964663319965225,0.9963369963369964,0.9966329966329966,0.023519490517139124
99.23664122137404,0.9927570276407486,0.9927570276407486,0.9927570276407486,0.02536918984752856
98.85496183206106,0.9881240996451283,0.9883731833098922,0.9879213483146067,0.02556287306024318
98.09160305343511,0.9812939565894389,0.9821892548822396,0.980767626199416,0.0495487418921508
99.61832061068702,0.9962845171386744,0.9968847352024922,0.9957264957264957,0.02913075231925677
98.09160305343511,0.9825017088174982,0.9835454146555507,0.9817824806370677,0.027995086619843734
97.70992366412214,0.9802721088435374,0.9805485314141218,0.9801217301217301,0.06264827417863802
99.23664122137404,0.9923361522198731,0.9923371647509578,0.9925093632958801,0.025690327921014933
98.09160305343511,0.9818706708837063,0.9819830475064064,0.9817966903073286,0.07475960293703869
98.85496183206106,0.9888627115013922,0.989297385620915,0.9884692172920996,0.03916053603339286
98.47328244274809,0.9847222222222222,0.9854713123667841,0.9841455490578297,0.05805757335246761
99.23664122137404,0.9928975159898853,0.9920634920634921,0.9938837920489297,0.042157931972134195
99.23664122137404,0.9923809523809525,0.9923809523809525,0.9923809523809525,0.03750867168069706
98.85496183206106,0.9892739980031379,0.9896059394631639,0.9889800881592947,0.03896977822118588
98.85496183206106,0.9885699356650665,0.9886333943036321,0.988549285963079,0.047835950341114764
97.70992366412214,0.9799819837854069,0.9799819837854069,0.9799819837854069,0.06527352551303142
99.23664122137404,0.9920156817747179,0.9920156817747179,0.9920156817747179,0.035181754213608515
98.09160305343511,0.9816844287453833,0.981917764085216,0.9818035426731079,0.06102881396445601
98.85496183206106,0.9889868504197635,0.9893172690763051,0.9886964886964887,0.042852849052607556
98.85496183206106,0.9889381207028266,0.9888400130335615,0.9890763837939186,0.022256852774560906
98.85496183206106,0.9887551723048738,0.9888776541961577,0.9886741610879541,0.045422769415673074
98.47328244274809,0.9842105263157895,0.9842105263157895,0.9842105263157895,0.05022594933433615
98.09160305343511,0.9820432306820691,0.9813409961685823,0.9830867622129759,0.06216728003368578
100.0,1.0,1.0,1.0,0.005174837208584925
98.47328244274809,0.9847413312759846,0.9858101135190919,0.9838461538461538,0.059826305292489876
98.85496183206106,0.9895830507555,0.9897959183673469,0.9896907216494846,0.03710469659702241
99.23664122137404,0.9924135873502963,0.9916666666666667,0.9933333333333333,0.025058320442655387
98.85496183206106,0.9888858016115588,0.989247311827957,0.9888888888888889,0.02906037759896055
98.85496183206106,0.9888142477737855,0.98895557222639,0.9887139763451608,0.05775961467555461
98.85496183206106,0.9892605886575736,0.9900990099009901,0.9887640449438203,0.013036617952334972
96.94656488549619,0.9716024340770791,0.972190863249793,0.9711596159615962,0.1298797458858151
99.23664122137404,0.9923747276688454,0.9922480620155039,0.9926739926739927,0.0308717988779811
99.61832061068702,0.9962488804594067,0.9961240310077519,0.996415770609319,0.02793623665510988
99.23664122137404,0.9931622133389438,0.9932659932659932,0.9931972789115647,0.030297476185116034
98.09160305343511,0.9809109426155208,0.9786324786324787,0.9842767295597484,0.067102672369797
97.70992366412214,0.9779260157671317,0.9784580498866213,0.9775516795865632,0.06675476183268803
99.61832061068702,0.9959871311447054,0.9968553459119497,0.9951690821256038,0.02435202655455325
98.85496183206106,0.9896272807889716,0.9895407980514364,0.9897491039426524,0.03887289257800981
98.47328244274809,0.9854901960784314,0.9861307559327361,0.9850050896562524,0.06892464777313881
99.61832061068702,0.996197266785502,0.9959839357429718,0.9964539007092199,0.021347175535340688
98.85496183206106,0.9887223805583648,0.990990990990991,0.9868421052631579,0.030262748722697054
99.61832061068702,0.9964887964887965,0.996415770609319,0.9965986394557823,0.017631232029338945
99.61832061068702,0.9964201962191912,0.9966666666666667,0.9962121212121212,0.00853392215392762
99.61832061068702,0.9961131893191341,0.9957805907172995,0.9964912280701754,0.02173855024894685
98.09160293695581,0.9828174128692263,0.983023214602162,0.982922335600907,0.07551136123770066
98.85496183206106,0.9885714285714285,0.9885928247997214,0.9885928247997212,0.05793795784053798
99.23664122137404,0.9930868973422166,0.9929824561403509,0.9933333333333333,0.03196316310524486
98.47328244274809,0.9848178137651823,0.9837767410582945,0.9860317460317461,0.05219450141907535
98.85496183206106,0.9889706996333666,0.9885057471264368,0.9897959183673469,0.03260875115782477
99.23664122137404,0.9924472573839663,0.9933993399339934,0.9916666666666667,0.027100705891471705
98.85496183206106,0.9891275445386593,0.9890897632833117,0.9892040977147359,0.05760984139928013
97.32824415832985,0.9766660833187496,0.9768574096305188,0.9767643431009767,0.05612653073008734
98.47328244274809,0.9844550432785727,0.9844550432785727,0.9844550432785727,0.06825555992163433
99.23664122137404,0.9930287430287431,0.9921568627450981,0.9940476190476191,0.03952697232962792
99.23664110489474,0.9927114280055457,0.9927114280055457,0.9927114280055457,0.036782691155681176
98.09160305343511,0.9814120635707426,0.9816468253968255,0.981217750257998,0.05838345934921736
99.23664122137404,0.9919491730927784,0.9924242424242425,0.9916666666666667,0.033612770035077344
98.85496183206106,0.9893211289092295,0.9885057471264368,0.9904761904761905,0.03144242928112557
98.85496171558177,0.9890383060289317,0.989251178774075,0.9888649425287358,0.039716763919546406
99.23664122137404,0.9932983094227791,0.9934640522875817,0.9932659932659932,0.03201279675460044
99.61832061068702,0.9967415632587531,0.9964912280701754,0.9970238095238096,0.020284395695145008
99.61832061068702,0.9962545634357016,0.99625468164794,0.9962962962962963,0.011448880970364308
99.23664122137404,0.9927906976744186,0.9933993399339934,0.9923371647509578,0.016753750197793345
98.85496183206106,0.9894179894179894,0.9894363568495708,0.9894363568495708,0.04577553949411248
98.85496183206106,0.9893751581077662,0.9891760299625467,0.9896114611461146,0.03597092037249129
98.47328244274809,0.9855576150756874,0.986411149825784,0.9848589921405456,0.04418382804328931
98.85496183206106,0.9883630982410118,0.9894736842105263,0.9876543209876543,0.04502736763465032
98.09160305343511,0.9826374832447214,0.9824163969795038,0.9828939786804956,0.04903922177535057
99.23664122137404,0.9923747276688454,0.9926739926739927,0.9922480620155039,0.015316451111015728
98.85496183206106,0.9897435897435898,0.98989898989899,0.98989898989899,0.04165173678139921
99.61832061068702,0.9964532019704433,0.9962121212121212,0.9967320261437909,0.02715562472556707
98.09160305343511,0.9820783350195116,0.9821924144310824,0.9823019086176981,0.048051581404939245
98.47328244274809,0.9858011404403157,0.985663082437276,0.9865319865319865,0.024810411402145186
100.0,1.0,1.0,1.0,0.010622069364029716
99.23664110489474,0.9928975159898855,0.9928975159898855,0.9928975159898855,0.03995816489212386
99.23664122137404,0.9932176547545274,0.9929824561403509,0.9935897435897436,0.036936243933150974
97.32824415832985,0.9750417083750417,0.9750953470633105,0.9750247845649356,0.0891439481318452
99.61832061068702,0.9964148429336938,0.9961685823754789,0.9966996699669967,0.019419313587056373
98.85496183206106,0.9895000137434374,0.9893406593406594,0.9896956362302897,0.06499672874044947
98.85496183206106,0.9889489269469122,0.9889295889295889,0.9890083048363459,0.04646522120771688
99.61832061068702,0.9962110203334733,0.9962962962962963,0.9961685823754789,0.01884875181926977
98.85496183206106,0.9886294285806058,0.9889403292181069,0.9883611467693624,0.05434744219344113
98.85496183206106,0.9895184524626149,0.9893617021276596,0.9899999999999999,0.05117729585973247
98.09160305343511,0.9812016179281647,0.9806201550387597,0.9828178694158076,0.0687467478933737
98.09160305343511,0.981981981981982,0.9824561403508771,0.9824561403508771,0.06764572073584636
98.09160305343511,0.9815024884773789,0.9823784935661011,0.9809873521011832,0.05728751951330946
99.23664122137404,0.9929543516149367,0.9934640522875817,0.9925925925925926,0.04208059064816872
99.61832061068702,0.9963368904055449,0.9971014492753624,0.9956140350877193,0.0270606063029512
97.32824427480917,0.9755023923444975,0.9758073344280241,0.9752331002331003,0.06716720395159857
100.0,1.0,1.0,1.0,0.0056464914204721614
99.23664122137404,0.9931965705161582,0.9931972789115647,0.9933333333333333,0.039779673424184606
98.85496183206106,0.9896109459929847,0.9906542056074766,0.9888888888888889,0.04128734939482831
99.23664122137404,0.9922926133832308,0.9923371647509578,0.9924242424242425,0.030137553335636683
98.09160305343511,0.979754369275426,0.9810027418723072,0.9789386643319228,0.07681893952055799
99.23664122137404,0.9926016260162601,0.9919678714859438,0.9933993399339934,0.03938005220647972
98.09160305343511,0.9815910585141355,0.9810239018087855,0.9825159222749584,0.07104790990884266
98.85496183206106,0.9892263868911639,0.9886636636636638,0.9898282097649186,0.03772018925208627
98.85496183206106,0.9881057113699546,0.9891304347826088,0.9874999999999999,0.04446157996976199
99.61832061068702,0.9966308481584522,0.9967320261437909,0.9965635738831615,0.030197093046100576
97.70992366412214,0.9790084388185655,0.983739837398374,0.975609756097561,0.040416870052919135
99.23664122137404,0.9927527669463153,0.9929078014184397,0.9927536231884058,0.04785369767874963
98.09160305343511,0.9811877962396611,0.980851599899219,0.9815656565656566,0.05948559721249319
99.61832061068702,0.9965627519245932,0.9966329966329966,0.9965277777777778,0.023696728153794092
99.61832061068702,0.9962703962703964,0.9959839357429718,0.9965986394557823,0.010035692713266054
98.85496183206106,0.9894547964113182,0.9891879964695498,0.9897583259652225,0.05603111123258269
100.0,1.0,1.0,1.0,0.009298660512480402
97.32824427480917,0.9752087022514546,0.9754350435043504,0.9750187265917604,0.09797596815575398
98.47328244274809,0.9848171152518979,0.9848171152518979,0.9848171152518979,0.054718520556299284
98.85496183206106,0.9885740253838414,0.9883238194084069,0.9888672298029023,0.037473895451949756
99.61832061068702,0.9964472014662343,0.9967637540453075,0.9961685823754789,0.0258332674054652
98.09160305343511,0.9818792408977655,0.9822195939286419,0.9818840579710145,0.05239183930431329
98.85496183206106,0.989704601251287,0.98992673992674,0.9895173772337132,0.041144513830770064
99.61832061068702,0.9964532019704433,0.9962121212121212,0.9967320261437909,0.016613427299218792
99.61832061068702,0.9963530923982901,0.99625468164794,0.9964912280701754,0.02145149587219908
98.09160305343511,0.9822649875005895,0.9823369565217391,0.9822297679683079,0.05596186829204778
99.23664122137404,0.9919615677321157,0.993127147766323,0.990990990990991,0.012617725530596634
99.61832061068702,0.996331569664903,0.9962121212121212,0.9964912280701754,0.009240180773630325
99.61832061068702,0.9963355660349021,0.9966329966329966,0.996078431372549,0.014774023427251187
99.23664110489474,0.993054801953337,0.9931972789115647,0.9930555555555555,0.04795911839900126
98.09160305343511,0.9806142575373346,0.9805724588686049,0.9806998556998557,0.0610543819428075
99.23664122137404,0.9928266178266179,0.9936507936507937,0.9921568627450981,0.030406398400095583
99.61832061068702,0.9963858363858363,0.9965986394557823,0.9962121212121212,0.01736452662950748
99.23664122137404,0.9926128916954605,0.993939393939394,0.9914529914529915,0.03995807209400503
98.09160305343511,0.9821235672564934,0.9819613238553848,0.9823232323232324,0.0625100388184531
99.23664122137404,0.9926770708283313,0.9926770708283313,0.9926770708283313,0.02453798397768774
99.23664122137404,0.9927501970055163,0.9927501970055163,0.9927501970055163,0.022601798539341408
100.0,1.0,1.0,1.0,0.01539973849239617
98.85496183206106,0.9891301137202776,0.989247311827957,0.9893617021276596,0.04864378876358498
99.23664122137404,0.9921079667507238,0.9920634920634921,0.9923371647509578,0.04035877625596575
97.32824427480917,0.9746309372568716,0.9745952971759424,0.9747044917257685,0.103194210673007
98.85496183206106,0.9892999170314423,0.9892448512585812,0.9893925518925518,0.025659749362589294
99.23664122137404,0.9929536327126689,0.9929536327126689,0.9929536327126689,0.023361341082242155
99.61832061068702,0.9964000191488344,0.9959839357429718,0.9968553459119497,0.012439878810977365
98.47328244274809,0.9856704980842913,0.9856704980842913,0.9856704980842913,0.04962358368518016
99.61832061068702,0.9960619433151487,0.9963369963369964,0.9958333333333332,0.02044511647304126
98.09160293695581,0.9813197249094685,0.9808429118773946,0.9828178694158076,0.081205103461069
98.09160305343511,0.9808822411227339,0.9805555555555555,0.9812519030840837,0.0541883711614255
100.0,1.0,1.0,1.0,0.0039367459857488005
98.85496183206106,0.989126921155485,0.9900990099009901,0.9885057471264368,0.05085199043703024
98.47328244274809,0.9851393188854489,0.9848259937324757,0.9856150793650794,0.04532706671668117
99.23664122137404,0.9926059875426964,0.9926059875426964,0.9926059875426964,0.04439126848037006
99.23664122137404,0.9925953199149076,0.9931972789115647,0.9921568627450981,0.011692190230450813
99.61832049420772,0.9963289501399212,0.9966666666666667,0.996031746031746,0.02914307863657711
98.47328244274809,0.984311554078996,0.984311554078996,0.984311554078996,0.053501420554603656
99.61832061068702,0.9964148429336938,0.9966996699669967,0.9961685823754789,0.014888874131123995
97.32824427480917,0.9736421809720239,0.9739159891598916,0.9734094271824137,0.09821246490451216
100.0,1.0,1.0,1.0,0.00838282738423976
98.85496183206106,0.9883716999628165,0.9884155961235068,0.9883720930232558,0.05184246000890684
99.61832061068702,0.9963368857490768,0.9963369963369964,0.9963768115942028,0.021032957858801465
99.61832061068702,0.9964327170804902,0.9968253968253968,0.996078431372549,0.008543223524111802
97.70992366412214,0.9788306451612904,0.9793301936159079,0.978910041060097,0.08157711751152093
97.70992366412214,0.9779794313369631,0.9777562862669246,0.978359173126615,0.07287702872951067
99.23664122137404,0.9924232640234191,0.9924232640234191,0.9924232640234191,0.039865200641275904
99.23664122137404,0.9928533211037225,0.9928533211037225,0.9928533211037225,0.04042810598701125
98.85496183206106,0.9893372656892493,0.989191232048375,0.9895206749139334,0.03774530679131467
98.85496183206106,0.9892999170314423,0.9892448512585812,0.9893925518925518,0.041483393575034624
98.85496183206106,0.9894745453058108,0.9890704429920115,0.9899155380806758,0.04745518182924654
99.61832061068702,0.9964934388954333,0.9968553459119497,0.9961685823754789,0.009650340801431933
100.0,1.0,1.0,1.0,0.008054211250069117
98.47328244274809,0.9852692586331804,0.9852692586331804,0.9852692586331804,0.051405000179794526
98.85496183206106,0.989126921155485,0.9894117647058823,0.9888810586485005,0.03951881218431447
99.61832061068702,0.9963265824516153,0.9970238095238096,0.9956709956709956,0.017261840637687962
99.23664122137404,0.9925398016170709,0.9923371647509578,0.9929078014184397,0.03133295195293057
97.70992366412214,0.9780219780219781,0.9780998389694041,0.9780998389694041,0.06681656001516945
98.85496183206106,0.9899693090800209,0.9902763902763904,0.9896955192128707,0.02721980105701635
99.23664122137404,0.9927085823571599,0.9925925925925926,0.9929824561403509,0.03977784943119943
100.0,1.0,1.0,1.0,0.012970871655685908
98.09160305343511,0.9818835228671294,0.9819213045019497,0.9818840579710145,0.03953823865256237
99.61832061068702,0.9962615278165051,0.9958333333333332,0.9967320261437909,0.02375368102816225
98.09160305343511,0.9813407553345633,0.9815185648727577,0.9812036342418938,0.05038455788771273
98.85496183206106,0.9884750897296586,0.9881578947368421,0.9888361462728551,0.03188745506847178
99.23664122137404,0.9926016260162601,0.9933993399339934,0.9919678714859438,0.029295884168534434
99.23664110489474,0.9923039923039924,0.9933333333333333,0.9914529914529915,0.040864644330421473
96.56488549618321,0.9680788177339901,0.9683344602208699,0.9678592859285929,0.11093563694713054
99.61832061068702,0.9962545634357016,0.9962962962962963,0.99625468164794,0.012195226403116781
99.61832061068702,0.9962345972817177,0.9965277777777778,0.9959839357429718,0.024117032385824244
99.23664122137404,0.9925491175491176,0.9927536231884058,0.9925093632958801,0.03435442407387984
99.61832061068702,0.9965080670963024,0.9965986394557823,0.9964539007092199,0.013528079003982516
98.47328244274809,0.985991932526586,0.9864507600793125,0.9856776556776556,0.034893763076535335
99.61832061068702,0.9963963963963964,0.996415770609319,0.996415770609319,0.02344379964185068
98.85496171558177,0.9893035893035894,0.9895833333333334,0.9893617021276596,0.03176838114061428
97.70992366412214,0.98,0.98,0.98,0.06805863875526054
98.47328244274809,0.9860288201302027,0.9866666666666667,0.9859649122807017,0.045571654934599595
98.85496183206106,0.9888111888111889,0.989132238261158,0.9885314453691053,0.059452716910763724
98.47328244274809,0.9859399859399859,0.9867986798679867,0.985663082437276,0.03684227928547686
98.09160305343511,0.981929181929182,0.981546504369538,0.9826560175397384,0.05928957075563096
98.09160305343511,0.9822085947628917,0.9820300382098135,0.9824242424242424,0.06395574099338037
98.47328244274809,0.9846773487435425,0.9842206486580994,0.9853070175438597,0.061931723192021365
99.23664122137404,0.9924751638131473,0.9924751638131473,0.9924751638131473,0.02423391178364062
99.61832061068702,0.9961659381949236,0.9964912280701754,0.9958847736625515,0.02193051060476831
99.23664122137404,0.9928696713185389,0.9928696713185389,0.9928696713185389,0.03894361290540404
98.85496183206106,0.9892445288010814,0.9890038314176245,0.9895233709417454,0.043372323679673766
98.09160293695581,0.9811073041083608,0.9813295736136034,0.9809267793138762,0.07031519062646473
98.09160305343511,0.9828137596229659,0.9831205673758866,0.9828178694158076,0.047749817734055455
99.61832061068702,0.9965231563221514,0.9966666666666667,0.996415770609319,0.01618879405983354
97.70992354764283,0.978336422613531,0.9791715060007743,0.977654492217599,0.08484099395857513
98.85496183206106,0.9893887353047947,0.9897137745974955,0.9891009187962654,0.04021108843642109
99.23664122137404,0.9930098082271996,0.9933333333333333,0.992831541218638,0.04430302187537362
100.0,1.0,1.0,1.0,0.005324263312278017
98.47328244274809,0.986075222509331,0.9869041194459435,0.985390482328929,0.0466046879265301
99.61832061068702,0.9963289501399212,0.996031746031746,0.9966666666666667,0.018301190902169737
99.61832061068702,0.9963619558911733,0.9967320261437909,0.996031746031746,0.028625872962350977
98.09160305343511,0.9816778301745112,0.9826506024096385,0.9810596979141692,0.061100778408092624
98.47328244274809,0.9854643125172808,0.9854643125172808,0.9854643125172808,0.06657338352448028
99.61832061068702,0.9964691046658259,0.9965986394557823,0.9963768115942028,0.016983363811612726
100.0,1.0,1.0,1.0,0.006522326310741082
100.0,1.0,1.0,1.0,0.007501520596814292
98.85496183206106,0.9887636981015588,0.9873417721518987,0.9905660377358491,0.03319442693014338
99.61832061068702,0.996371560130545,0.9965277777777778,0.99625468164794,0.014856207897648471
99.23664122137404,0.9929356357927787,0.9929356357927787,0.9929356357927787,0.02777288677022021
98.85496183206106,0.9896094107512988,0.9898010486245781,0.9894532931554024,0.02379015441304108
98.85496183206106,0.9888525965658806,0.9895495495495495,0.9881977671451355,0.057707088199650286
99.61832061068702,0.9963923074685054,0.9961240310077519,0.9966996699669967,0.02299462966027737
99.23664122137404,0.9923747276688454,0.9923747276688454,0.9923747276688454,0.0339187293149929
98.47328244274809,0.9837753813271154,0.9837753813271154,0.9837753813271154,0.05221756837750209
98.85496183206106,0.9894127102907347,0.9897891231964483,0.9890734588409007,0.04606343395059363
99.23664122137404,0.992498533232755,0.9931972789115647,0.9919678714859438,0.02083469944817675
98.47328244274809,0.9857753565618733,0.9862121212121212,0.9854875283446712,0.04367985957407016
98.09160305343511,0.9821726488393155,0.9824481074481075,0.9822313734461985,0.04939471159125003
99.61832061068702,0.9962737444704658,0.9962121212121212,0.9963768115942028,0.01989663699772902
98.85496183206106,0.9897828863346105,0.9899179529968016,0.9896821261073475,0.03127578407770844
98.09160305343511,0.9817763570639023,0.981720430107527,0.9818710654235397,0.059280457302825995
98.47328232626879,0.9857295482295482,0.9856216628527842,0.9859870179457809,0.063089678305706
96.94656488549619,0.9711703288140875,0.9711703288140875,0.9711703288140875,0.09562324605196117
98.85496171558177,0.9878831851986215,0.9893617021276596,0.9868421052631579,0.06557126843747292
98.85496183206106,0.9891575091575092,0.9887640449438203,0.98989898989899,0.04797489877136154
97.70992354764283,0.9776671926204638,0.978882391163093,0.9766166747298822,0.08773418532983038
98.09160305343511,0.9812680873454354,0.9813481537619468,0.9812289562289562,0.06653929336068935
98.47328244274809,0.9861111111111112,0.987134378220848,0.9852322911146442,0.048112645574653425
99.23664122137404,0.9926485277078588,0.9926485277078588,0.9926485277078588,0.019102405197518515
99.61832061068702,0.9962952672038531,0.9963768115942028,0.99625468164794,0.01648996584828346
98.09160305343511,0.9825460792645594,0.9825985230679243,0.9825292397660818,0.06679908777693756
99.61832061068702,0.9965092158529117,0.9964912280701754,0.9965635738831615,0.025081583874598714
98.47328244274809,0.9845852267664617,0.9846297781341887,0.9847147950089127,0.05207811733921065
99.23664110489474,0.9930098082271996,0.9930098082271996,0.9930098082271996,0.021807186874269528
98.85496183206106,0.989002688902988,0.9889251339051991,0.9891199226305609,0.03746806761918177
98.47328232626879,0.986248449406344,0.9861819727891157,0.9864539007092198,0.05524959409509907
99.23664122137404,0.9927298311444653,0.9927298311444653,0.9927298311444653,0.02036248123738026
99.61832061068702,0.9963193006671268,0.9958847736625515,0.9967948717948718,0.023117650513100003
98.09160305343511,0.9813327589566857,0.9818376068376069,0.9808692802425135,0.0715854860858224
98.85496183206106,0.9889260028286841,0.9905660377358491,0.9876543209876543,0.045657340197456035
99.61832061068702,0.9962703962703964,0.9959839357429718,0.9965986394557823,0.024676027811285223
98.85496183206106,0.989002688902988,0.9889251339051991,0.9891199226305609,0.05584349562742797
99.23664122137404,0.9923792301730819,0.9923792301730819,0.9923792301730819,0.0234328985671008
97.70992366412214,0.9787353735373537,0.9783520599250936,0.9792652693261212,0.04449999129811998
99.61832061068702,0.9965000045811458,0.9963369963369964,0.9966996699669967,0.02325981110664869
100.0,1.0,1.0,1.0,0.016758666697263946
99.23664122137404,0.9928696713185389,0.9928696713185389,0.9928696713185389,0.023908069598993272
99.23664122137404,0.9926152590779274,0.9923371647509578,0.9930555555555555,0.0200892211909349
99.23664122137404,0.9931242247031721,0.9931242247031721,0.9931242247031721,0.04003245497739141
96.94656488549619,0.9695988254091635,0.9725085910652921,0.9693486590038315,0.08929360534227987
99.61832061068702,0.9963896451118722,0.99625468164794,0.9965635738831615,0.015060119842754975
99.23664122137404,0.9922802320392682,0.9926739926739927,0.9920634920634921,0.025460998576905168
98.09160305343511,0.9824970307462874,0.9830738951511898,0.9819569248324062,0.05274821590376264
99.23664122137404,0.9927925822035218,0.9929078014184397,0.992831541218638,0.016530140210548112
99.23664122137404,0.9933831236897275,0.993127147766323,0.9937694704049843,0.030272194983385226
99.23664122137404,0.9930674671240709,0.9930674671240709,0.9930674671240709,0.022242176378403415
98.47328244274809,0.9855576150756874,0.9855576150756874,0.9855576150756874,0.061253499026403174
98.09160305343511,0.980837405384689,0.9815217855161524,0.9801971783103859,0.058708826122620635
98.09160305343511,0.9803097165757438,0.9805721704455882,0.9800925925925926,0.05747608606768452
99.23664122137404,0.9924648786717752,0.9924648786717752,0.9924648786717752,0.01959591741626549
99.23664122137404,0.9925491175491176,0.9925491175491176,0.9925491175491176,0.03921400039042555
98.85496183206106,0.9896287188260137,0.9899054752987336,0.9893874643874644,0.04390982636953713
99.23664122137404,0.9925518925518926,0.9937106918238993,0.9915611814345991,0.043739528939877065
98.85496183206106,0.989796182632792,0.9900476881608956,0.9895790200138026,0.03904862139544642
98.85496183206106,0.9893435037437954,0.9883720930232558,0.9906542056074766,0.04006705627392779
99.23664122137404,0.9922222222222222,0.9922222222222222,0.9922222222222222,0.03381365125002215
99.23664110489474,0.9931088377379936,0.9931088377379936,0.9931088377379936,0.025066433289578853
98.47328244274809,0.9853462157809983,0.985501993475897,0.9853479853479854,0.028515260458882998
99.23664122137404,0.9921101774042951,0.9921101774042951,0.9921101774042951,0.031155458957184363
98.85496183206106,0.9880914407230197,0.9881830213650974,0.9880463028584928,0.04992742364415686
98.85496183206106,0.9895276711151687,0.9900315547905909,0.9890604890604892,0.05209961428750441
98.47328244274809,0.98454363757495,0.9862542955326461,0.9835390946502057,0.0516908131642296
98.85496183206106,0.9892220773576706,0.9890729371790417,0.9894094001236858,0.051080973578180644
99.61832061068702,0.9961574149882648,0.9966329966329966,0.9957264957264957,0.010805315892603105
99.23664122137404,0.9927398989898991,0.9927398989898991,0.9927398989898991,0.0223428885424012
98.85496171558177,0.9888472381424456,0.9886480908152735,0.9890873015873015,0.0408626215831014
99.23664122137404,0.9926278918214403,0.9925093632958801,0.9929078014184397,0.01859710474306618
98.85496183206106,0.9892259384092416,0.9895424836601308,0.9889477319825005,0.030830348445833947
98.85496183206106,0.9892937909712879,0.9897959183673469,0.9891304347826088,0.04675743435993826
98.09160305343511,0.9821635854024517,0.9825396825396826,0.9818250377073907,0.05326584298279179
98.85496183206106,0.9883052864184941,0.9880434782608695,0.9886121319359376,0.035791829798925125
99.23664122137404,0.9931205673758866,0.9931205673758866,0.9931205673758866,0.02254111119808153
97.32824427480917,0.9744502617801047,0.9764309764309763,0.9743589743589745,0.0748062385503871
99.23664122137404,0.992485646740966,0.9929824561403509,0.9921568627450981,0.04059409218589003
98.47328232626879,0.9852305181558547,0.9856617647058824,0.9849596478356567,0.03963535512221678
98.47328244274809,0.9861827033218785,0.9865319865319865,0.9863945578231292,0.05252895466201292
98.09160305343511,0.9814763360192647,0.9814814814814815,0.9818316648127549,0.08893389797961439
98.85496183206106,0.9886359967715901,0.9887640449438203,0.9888888888888889,0.026720195503919634
98.09160305343511,0.981453432660505,0.9812252964426879,0.9820433436532507,0.07159617048410968
98.47328244274809,0.9857360793287566,0.9859203296703297,0.9857012125371769,0.05284387823763012
99.61832061068702,0.996662578325115,0.9965635738831615,0.9967948717948718,0.010005038871451188
98.09160305343511,0.9820432306820691,0.9813409961685823,0.9830867622129759,0.04863398865952587
99.23664122137404,0.9927925822035218,0.9927925822035218,0.9927925822035218,0.0207797329133476
98.47328244274809,0.9850982350982352,0.9850603412401165,0.9852990171580877,0.060268079760579484
99.61832061068702,0.9963814939260791,0.9969696969696971,0.9958333333333332,0.025169089431171295
98.09160305343511,0.9820159535895576,0.9827906976744186,0.9815823004749218,0.035437338224804125
98.47328244274809,0.9851833559698728,0.98534255599473,0.9851851851851853,0.031007299800438964
98.85496183206106,0.9890858676735199,0.9902912621359223,0.9882352941176471,0.04682989281474236
98.47328244274809,0.9858585858585859,0.9856096284667714,0.9862546816479401,0.025211649216773283
100.0,1.0,1.0,1.0,0.014395661241524206
99.61832061068702,0.9964934388954333,0.9968553459119497,0.9961685823754789,0.010003309963512739
98.85496183206106,0.9895830507555,0.9896183758364985,0.9895833333333334,0.04504268425552331
99.61832061068702,0.996431263657096,0.9965635738831615,0.9963369963369964,0.016073567437306615
99.61832061068702,0.9962952672038531,0.99625468164794,0.9963768115942028,0.025890749761877396
98.09160305343511,0.9828609096901779,0.9827113641155387,0.9830448853243281,0.058467573997918305
100.0,1.0,1.0,1.0,0.011551204045082777
99.23664122137404,0.9923611111111112,0.9923611111111112,0.9923611111111112,0.03369079255400915
98.85496183206106,0.9888803088803089,0.9888010540184453,0.9890001235941169,0.0238190436067472
98.47328244274809,0.9862765586903519,0.9855782596608286,0.9871150219987429,0.05552369842433747
98.85496183206106,0.9888610414926204,0.9887019627247238,0.9890608875128999,0.04136643891607345
99.23664122137404,0.9925055787124752,0.9925055787124752,0.9925055787124752,0.024733570283936437
98.09160305343511,0.9814350691543674,0.9812798944416955,0.9816305469556244,0.08638969603657122
99.23664110489474,0.9926420052557106,0.9926420052557106,0.9926420052557106,0.02645293264898635
99.23664122137404,0.992238617390912,0.9925925925925926,0.9920634920634921,0.045836180651592416
99.61832061068702,0.9963412805518068,0.9965986394557823,0.9961240310077519,0.03175140191793783
98.85496183206106,0.9896904477215358,0.9897250566893424,0.9896907216494846,0.05424953221151506
99.23664122137404,0.9931318681318682,0.9927536231884058,0.9936507936507937,0.03281286080014174
98.47328244274809,0.9850234270414994,0.9856256809990781,0.9845864661654136,0.06817703409215306
98.47328244274809,0.9845852267664617,0.9845852267664617,0.9845852267664617,0.055525523914003796
99.23664122137404,0.9929435483870969,0.9929435483870969,0.9929435483870969,0.02001565735332156
97.70992366412214,0.9782505910165485,0.9784742755765818,0.9781795265666234,0.07413966281922492
99.61832061068702,0.9963342296343294,0.9964539007092199,0.99625468164794,0.02776389625918774
98.85496183206106,0.9890368516697947,0.9893832756769653,0.9887301587301587,0.0438049158364897
98.85496171558177,0.9890368516697947,0.9901960784313726,0.9882352941176471,0.042907103099895795
98.85496183206106,0.9892726395550131,0.9882352941176471,0.9906542056074766,0.04117445218579431
100.0,1.0,1.0,1.0,0.017505365850418123
98.09160305343511,0.9820945595732851,0.9837121212121213,0.9808204781743797,0.061279390369833424
96.94656488549619,0.9713128976286871,0.9713128976286871,0.9713128976286871,0.0940779346747427
98.47328244274809,0.9858235823582359,0.9851851851851853,0.9870550161812298,0.04683656948938511
98.85496183206106,0.9895970893410592,0.9898238043869112,0.9894060188177836,0.03311539124965158
98.47328244274809,0.985491819436231,0.9853479853479854,0.9862542955326461,0.05188997184505814
99.23664122137404,0.9929441473559121,0.9925093632958801,0.9935275080906149,0.032690454746533974
99.23664122137404,0.992962962962963,0.992962962962963,0.992962962962963,0.03571638469459873
99.61832061068702,0.9963896451118722,0.9965635738831615,0.99625468164794,0.016492141531567084
98.47328244274809,0.9848788638262324,0.9861215932914047,0.9838078588078588,0.05989645015806464
97.32824427480917,0.9743889638626481,0.9752284752284752,0.9738984674329502,0.09011083379064493
98.85496183206106,0.9894241741114915,0.9902912621359223,0.9888888888888889,0.06147870921876597
98.47328244274809,0.9849254742547425,0.985575495312036,0.984443035299091,0.04726465421778555
98.09160305343511,0.9808422791081751,0.9810971579643093,0.9809725158562368,0.06897686157926103
99.61832061068702,0.9960282279513457,0.9959349593495935,0.9961685823754789,0.028886520784443336
99.23664122137404,0.9929816784869977,0.9929816784869977,0.9929816784869977,0.0355807532625671
98.09160305343511,0.9826271071418876,0.9826388888888888,0.9834983498349835,0.10648831191576238
98.85496183206106,0.9894710592668532,0.9894736842105263,0.9897959183673469,0.041927107670015604
98.85496183206106,0.9891301137202776,0.989247311827957,0.9893617021276596,0.04713648492968037
98.09160305343511,0.9817931744194102,0.9815693719348205,0.982055852644088,0.05437736758493058
98.85496183206106,0.9885532177815355,0.9896907216494846,0.9878048780487805,0.04553731497435365
97.70992366412214,0.9792740549828179,0.98,0.9797979797979798,0.05713940204496856
100.0,1.0,1.0,1.0,0.007630961313745974
99.61832061068702,0.996245082217933,0.996078431372549,0.9964539007092199,0.03201369531097606
98.85496183206106,0.9889381207028266,0.9890763837939186,0.9888400130335615,0.03542267595851467
100.0,1.0,1.0,1.0,0.015615579823008915
